int 0,empty 1,empty 2,empty 3,string2 4,int 5,string2 6,int 7,float 8,int 9,int 10,int 11,int 12,bool 13,empty 14
10012,"","","","ef_b_hit_001_normal",2,"CP01",5,0,1,0,-1,-1,0,""
10013,"","","","ef_b_hit_002_normal",2,"CP01",5,0,1,0,-1,-1,0,""
10014,"","","","ef_b_bar_100",3,"18",2,1.2,0,0,-1,-1,0,""
10016,"","","","ef_b_van_200",1,"",2,0,0,0,-1,-1,0,""
10017,"","","","ef_b_van_205",1,"",2,0,0,0,-1,-1,0,""
10018,"","","","ef_b_bos_256",3,"18",1,0,0,0,-1,-1,0,""
10019,"","","","ef_b_bos_265",3,"18",1,0,0,0,-1,-1,0,""
10021,"","","","ef_b_van_100",2,"GP01",2,0,0,0,-1,-1,0,""
10022,"","","","ef_b_van_101",1,"",2,0,0,0,-1,-1,0,""
10030,"","","","ef_b_bar_132",3,"18",2,1.2,1,0,-1,-1,0,""
10031,"","","","ef_b_bar_137",3,"18",2,1.2,1,0,-1,-1,0,""
10033,"","","","ef_b_hea_100",2,"CP01",2,0,0,0,-1,-1,0,""
10034,"","","","ef_b_sta_100",2,"CP01",2,0,0,0,-1,-1,0,""
10035,"","","","ef_b_sta_140",2,"CP01",2,0,0,0,-1,-1,0,""
10036,"","","","ef_b_sta_130",2,"CP01",2,0,0,0,-1,-1,0,""
10037,"","","","ef_b_sta_120",2,"TP01",2,0,0,0,-1,-1,0,""
10038,"","","","ef_b_sta_150",2,"CP01",2,0,0,0,-1,-1,0,""
10039,"","","","ef_b_sta_150",2,"GP01",2,0,0,0,-1,-1,0,""
10040,"","","","ef_b_hea_100",2,"CP01",2,0,0,0,-1,-1,0,""
10041,"","","","ef_b_hea_110",2,"CP01",2,0,0,0,-1,-1,0,""
10042,"","","","ef_b_hea_100",2,"CP01",2,0,0,0,-1,-1,0,""
10050,"","","","ef_b_%s_bs01",1,"",3,0,1,0,-1,-1,1,""
10051,"","","","ef_b_com_750_rap",3,"15",2,0,0,0,-1,-1,0,""
10052,"","","","ef_b_com_751_rap",2,"CP01",2,0,0,0,-1,-1,0,""
10061,"","","","ef_b_spe_100",1,"",0,0,0,0,-1,-1,0,""
10070,"","","","ef_b_%s_bl01",1,"",3,0,1,0,-1,-1,1,""
10080,"","","","ef_b_van_200",1,"",3,0,1,0,-1,-1,0,""
10081,"","","","ef_b_van_205",1,"",3,0,1,0,-1,-1,0,""
10090,"","","","ef_b_bar_130",3,"18",2,1.2,0,0,-1,-1,0,""
10091,"","","","ef_b_bar_135",3,"18",2,1.2,0,0,-1,-1,0,""
10114,"","","","ef_b_bar_101",3,"18",2,1.2,0,0,-1,-1,0,""
10130,"","","","ef_b_bar_133",3,"18",2,1.2,1,0,-1,-1,0,""
10131,"","","","ef_b_bar_138",3,"18",2,1.2,1,0,-1,-1,0,""
10134,"","","","ef_b_sta_101",2,"CP01",2,0,0,0,-1,-1,0,""
10135,"","","","ef_b_sta_141",2,"CP01",2,0,0,0,-1,-1,0,""
10136,"","","","ef_b_sta_131",2,"CP01",2,0,0,0,-1,-1,0,""
10137,"","","","ef_b_sta_121",2,"TP01",2,0,0,0,-1,-1,0,""
10190,"","","","ef_b_bar_131",3,"18",2,1.2,0,0,-1,-1,0,""
10191,"","","","ef_b_bar_136",3,"18",2,1.2,0,0,-1,-1,0,""
10214,"","","","ef_b_bar_140",3,"18",2,1.2,0,0,-1,-1,0,""
10217,"","","","ef_b_bos_255",3,"18",1,0,0,0,-1,-1,0,""
10218,"","","","ef_b_bos_255",3,"18",1,0,0,0,-1,-1,0,""
10219,"","","","ef_b_bos_270",2,"FP01",1,0,0,0,-1,-1,0,""
10220,"","","","ef_b_bos_272",2,"FP01",1,0,0,0,-1,-1,0,""
10230,"","","","ef_b_bar_142",3,"18",2,1.2,1,0,-1,-1,0,""
10231,"","","","ef_b_bar_144",3,"18",2,1.2,1,0,-1,-1,0,""
10290,"","","","ef_b_bar_141",3,"18",2,1.2,0,0,-1,-1,0,""
10291,"","","","ef_b_bar_143",3,"18",2,1.2,0,0,-1,-1,0,""
12001,"","","","ef_b_act_100",3,"18",2,1.2,1,0,-1,-1,0,""
12002,"","","","ef_b_hit_001_normal",2,"CP01",5,0.8,2,6,-1,-1,0,""
12003,"","","","ef_b_hit_100_fire",2,"CP01",5,0.8,2,6,-1,-1,0,""
12004,"","","","ef_b_hit_120_ice",2,"CP01",5,0.8,2,6,-1,-1,0,""
12005,"","","","ef_b_hit_160_leaf",2,"CP01",5,0.8,2,6,-1,-1,0,""
12006,"","","","ef_b_hit_110_water",2,"CP01",5,0.8,2,6,-1,-1,0,""
12007,"","","","ef_b_hit_140_thunder",2,"CP01",5,0.8,2,6,-1,-1,0,""
12008,"","","","ef_b_hit_150_steel",2,"CP01",5,0.8,2,6,-1,-1,0,""
12009,"","","","ef_b_hit_130_wind",2,"CP01",5,0.8,2,6,-1,-1,0,""
12010,"","","","ef_b_hit_170_rock",2,"CP01",5,0.8,2,6,-1,-1,0,""
12011,"","","","ef_b_hit_180_light",2,"CP01",5,0.8,2,6,-1,-1,0,""
12012,"","","","ef_b_hit_190_dark",2,"CP01",5,0.8,2,6,-1,-1,0,""
12013,"","","","ef_b_hit_100_fire",3,"18",2,0.8,1,0,-1,-1,0,""
12014,"","","","ef_b_bos_370",2,"CP01",2,0,1,0,-1,-1,0,""
12015,"","","","ef_b_bos_500",2,"CP01",5,0,1,0,-1,-1,0,""
12101,"","","","",1,"",3,0,1,0,-1,-1,0,""
13002,"","","","ef_b_com_002_hit",2,"CP01",2,0,1,0,-1,-1,0,""
13003,"","","","ef_b_com_715_tri",5,"",1,0,0,0,-1,-1,0,""
13004,"","","","ef_b_com_720_spa",5,"",1,0,1,0,-1,-1,0,""
20011,"","","","ef_b_chr001_bs01",1,"",3,0,1,0,-1,-1,0,""
20021,"","","","ef_b_chr002_bs01",1,"",3,0,1,0,-1,-1,0,""
20031,"","","","ef_b_chr003_bs01",1,"",3,0,1,0,-1,-1,0,""
20041,"","","","ef_b_chr004_bs01",1,"",3,0,1,0,0,-1,0,""
20051,"","","","ef_b_chr005_bs01",1,"",3,0,1,0,-1,-1,0,""
20061,"","","","ef_b_chr006_bs01",1,"",3,0,1,0,-1,-1,0,""
20091,"","","","ef_b_chr009_bs01",1,"",3,0,1,0,-1,-1,0,""
20101,"","","","ef_b_chr010_bs01",1,"",3,0,1,0,-1,-1,0,""
20111,"","","","ef_b_chr011_bs01",1,"",3,0,1,0,-1,-1,0,""
20121,"","","","ef_b_chr012_bs01",1,"",3,0,1,0,-1,-1,0,""
20131,"","","","ef_b_chr013_bs01",1,"",3,0,1,0,-1,-1,0,""
20141,"","","","ef_b_chr014_bs01",1,"",3,0,1,0,-1,-1,0,""
20151,"","","","ef_b_chr015_bs01",1,"",3,0,1,0,-1,-1,0,""
20161,"","","","ef_b_chr016_bs01",1,"",3,0,1,0,-1,-1,0,""
20171,"","","","ef_b_chr017_bs01",1,"",3,0,1,0,-1,-1,0,""
20191,"","","","ef_b_chr019_bs01",1,"",3,0,1,0,0,-1,0,""
20192,"","","","ef_b_chr019_bs02",1,"",3,0,1,0,-1,-1,0,""
20201,"","","","ef_b_chr020_bs01",1,"",3,0,1,0,-1,-1,0,""
20211,"","","","ef_b_chr021_bs01",1,"",3,0,1,0,0,-1,0,""
20221,"","","","ef_b_chr022_bs01",1,"",3,0,1,0,-1,-1,0,""
20222,"","","","ef_b_chr022_bs02",1,"",3,0,1,0,-1,-1,0,""
20231,"","","","ef_b_chr023_bs01",1,"",3,0,1,0,-1,-1,0,""
20241,"","","","ef_b_chr024_bs01",1,"",3,0,1,0,-1,-1,0,""
20242,"","","","ef_b_chr024_bs02",1,"",3,0,1,0,-1,-1,0,""
20251,"","","","ef_b_chr025_bs01",1,"",3,0,1,0,-1,-1,0,""
20261,"","","","ef_b_chr026_bs01",1,"",3,0,1,0,-1,-1,0,""
20271,"","","","ef_b_chr027_bs01",1,"",3,0,1,0,0,-1,0,""
20272,"","","","ef_b_chr027_bs02",1,"",3,0,1,0,-1,-1,0,""
20281,"","","","ef_b_chr028_bs01",1,"",3,0,1,0,-1,-1,0,""
20301,"","","","ef_b_chr030_bs01",1,"",3,0,1,0,-1,-1,0,""
20311,"","","","ef_b_chr031_bs01",1,"",3,0,1,0,0,-1,0,""
20321,"","","","ef_b_chr032_bs01",1,"",3,0,1,0,0,-1,0,""
20322,"","","","ef_b_chr032_bs02",1,"",3,0,1,0,0,-1,0,""
20331,"","","","ef_b_chr033_bs01",1,"",3,0,1,0,-1,-1,0,""
20341,"","","","ef_b_chr034_bs01",1,"",3,0,1,0,-1,-1,0,""
20351,"","","","ef_b_chr035_bs01",1,"",3,0,1,0,-1,-1,0,""
20352,"","","","ef_b_chr035_bs02",1,"",3,0,1,0,-1,-1,0,""
20361,"","","","ef_b_chr036_bs01",1,"",3,0,1,0,0,-1,0,""
20362,"","","","ef_b_chr036_bs02",1,"",3,0,1,0,0,-1,0,""
20371,"","","","ef_b_chr037_bs01",1,"",3,0,1,0,-1,-1,0,""
20372,"","","","ef_b_chr037_bs02",1,"",3,0,1,0,-1,-1,0,""
20381,"","","","ef_b_chr038_bs01",1,"",3,0,1,0,-1,-1,0,""
20391,"","","","ef_b_chr039_bs01",1,"",3,0,1,0,0,-1,0,""
20392,"","","","ef_b_chr039_bs02",1,"",3,0,1,0,0,-1,0,""
20401,"","","","ef_b_chr040_bs01",1,"",3,0,1,0,-1,-1,0,""
20402,"","","","ef_b_chr040_bs02",1,"",3,0,1,0,-1,-1,0,""
20411,"","","","ef_b_chr041_bs01",1,"",3,0,1,0,-1,-1,0,""
20421,"","","","ef_b_chr042_bs01",1,"",3,0,1,0,-1,-1,0,""
20431,"","","","ef_b_chr043_bs01",1,"",3,0,1,0,-1,-1,0,""
20441,"","","","ef_b_chr044_bs01",1,"",3,0,1,0,-1,-1,0,""
20442,"","","","ef_b_chr044_bs02",1,"",3,0,1,0,-1,-1,0,""
20451,"","","","ef_b_chr045_bs01",1,"",3,0,1,0,0,-1,0,""
20452,"","","","ef_b_chr045_bs02",1,"",3,0,1,0,-1,-1,0,""
20461,"","","","ef_b_chr046_bs01",1,"",3,0,1,0,0,-1,0,""
20462,"","","","ef_b_chr046_bs02",1,"",3,0,1,0,0,-1,0,""
20471,"","","","ef_b_chr047_bs01",1,"",3,0,1,0,-1,-1,0,""
20472,"","","","ef_b_chr047_bs02",1,"",3,0,1,0,-1,-1,0,""
20481,"","","","ef_b_chr048_bs01",1,"",3,0,1,0,-1,-1,0,""
20491,"","","","ef_b_chr049_bs01",1,"",3,0,1,0,-1,-1,0,""
20492,"","","","ef_b_chr049_bs02",1,"",3,0,1,0,-1,-1,0,""
20501,"","","","ef_b_chr050_bs01",1,"",3,0,1,0,-1,-1,0,""
20511,"","","","ef_b_chr051_bs01",1,"",3,0,1,0,-1,-1,0,""
20521,"","","","ef_b_chr052_bs01",1,"",3,0,1,0,-1,-1,0,""
20531,"","","","ef_b_chr053_bs01",1,"",3,0,1,0,-1,-1,0,""
20541,"","","","ef_b_chr054_bs01",1,"",3,0,1,0,-1,-1,0,""
20551,"","","","ef_b_chr055_bs01",1,"",3,0,1,0,-1,-1,0,""
20561,"","","","ef_b_chr056_bs01",1,"",3,0,1,0,-1,-1,0,""
20571,"","","","ef_b_chr057_bs01",1,"",3,0,1,0,-1,-1,0,""
20572,"","","","ef_b_chr057_bs02",1,"",3,0,1,0,0,-1,0,""
20581,"","","","ef_b_chr058_bs01",1,"",3,0,1,0,-1,-1,0,""
20591,"","","","ef_b_chr059_bs01",1,"",3,0,1,0,-1,-1,0,""
20601,"","","","ef_b_chr060_bs01",1,"",3,0,1,0,0,-1,0,""
20602,"","","","ef_b_chr060_bs02",1,"",3,0,1,0,0,-1,0,""
20611,"","","","ef_b_chr061_bs01",1,"",3,0,1,0,-1,-1,0,""
20621,"","","","ef_b_chr062_bs01",1,"",3,0,1,0,-1,-1,0,""
20631,"","","","ef_b_chr063_bs01",1,"",3,0,1,0,-1,-1,0,""
20641,"","","","ef_b_chr064_bs01",1,"",3,0,1,0,-1,-1,0,""
20651,"","","","ef_b_chr065_bs01",1,"",3,0,1,0,0,-1,0,""
20661,"","","","ef_b_chr066_bs01",1,"",3,0,1,0,0,-1,0,""
20662,"","","","ef_b_chr066_bs02",1,"",3,0,1,0,0,-1,0,""
20671,"","","","ef_b_chr067_bs01",1,"",3,0,1,0,0,-1,0,""
20672,"","","","ef_b_chr067_bs02",1,"",3,0,1,0,0,-1,0,""
20681,"","","","ef_b_chr068_bs01",1,"",3,0,1,0,-1,-1,0,""
20691,"","","","ef_b_chr069_bs01",1,"",3,0,1,0,-1,-1,0,""
20692,"","","","ef_b_chr069_bs02",1,"",3,0,1,0,-1,-1,0,""
20701,"","","","ef_b_chr070_bs01",1,"",3,0,1,0,-1,-1,0,""
20711,"","","","ef_b_chr071_bs01",1,"",3,0,1,0,-1,-1,0,""
20721,"","","","ef_b_chr072_bs01",1,"",3,0,1,0,-1,-1,0,""
20731,"","","","ef_b_chr073_bs01",1,"",3,0,1,0,-1,-1,0,""
20741,"","","","ef_b_chr074_bs01",1,"",3,0,1,0,-1,-1,0,""
20751,"","","","ef_b_chr075_bs01",1,"",3,0,1,0,0,-1,0,""
20752,"","","","ef_b_chr075_bs02",1,"",3,0,1,0,0,-1,0,""
20761,"","","","ef_b_chr076_bs01",1,"",3,0,1,0,-1,-1,0,""
20771,"","","","ef_b_chr077_bs01",1,"",3,0,1,0,-1,-1,0,""
20781,"","","","ef_b_chr078_bs01",1,"",3,0,1,0,-1,-1,0,""
20791,"","","","ef_b_chr079_bs01",1,"",3,0,1,0,-1,-1,0,""
20801,"","","","ef_b_chr080_bs01",1,"",3,0,1,0,-1,-1,0,""
20802,"","","","ef_b_chr080_bs02",1,"",3,0,1,0,-1,-1,0,""
20803,"","","","ef_b_chr080_bs01",1,"",3,0,1,0,-1,-1,0,""
20811,"","","","ef_b_chr081_bs01",1,"",3,0,1,0,-1,-1,0,""
20821,"","","","ef_b_chr082_bs01",1,"",3,0,1,0,-1,-1,0,""
20831,"","","","ef_b_chr083_bs01",1,"",3,0,1,0,-1,-1,0,""
20841,"","","","ef_b_chr084_bs01",1,"",3,0,1,0,-1,-1,0,""
20851,"","","","ef_b_chr085_bs01",1,"",3,0,1,0,-1,-1,0,""
20861,"","","","ef_b_chr086_bs01",1,"",3,0,1,0,-1,-1,0,""
20862,"","","","ef_b_chr086_bs02",1,"",3,0,1,0,-1,-1,0,""
20871,"","","","ef_b_chr087_bs01",1,"",3,0,1,0,-1,-1,0,""
20881,"","","","ef_b_chr088_bs01",1,"",3,0,1,0,0,-1,0,""
20882,"","","","ef_b_chr088_bs02",1,"",3,0,1,0,-1,-1,0,""
20883,"","","","ef_b_bar_122",1,"",3,0,1,0,-1,-1,0,""
20901,"","","","ef_b_chr090_bs01",1,"",3,0,1,0,-1,-1,0,""
20911,"","","","ef_b_chr091_bs01",1,"",3,0,1,0,-1,-1,0,""
20921,"","","","ef_b_chr092_bs01",1,"",3,0,1,0,-1,-1,0,""
20931,"","","","ef_b_chr093_bs01",1,"",3,0,1,0,-1,-1,0,""
20941,"","","","ef_b_chr094_bs01",1,"",3,0,1,0,0,-1,0,""
20942,"","","","ef_b_chr094_bs02",1,"",3,0,1,0,-1,-1,0,""
20951,"","","","ef_b_chr095_bs01",1,"",3,0,1,0,-1,-1,0,""
20952,"","","","ef_b_chr095_bs02",1,"",3,0,1,0,-1,-1,0,""
20961,"","","","ef_b_chr096_bs01",1,"",3,0,1,0,-1,-1,0,""
20971,"","","","ef_b_chr097_bs01",1,"",3,0,1,0,-1,-1,0,""
20981,"","","","ef_b_chr098_bs01",1,"",3,0,1,0,-1,-1,0,""
20982,"","","","ef_b_chr098_bs02",1,"",3,0,1,0,-1,-1,0,""
21001,"","","","ef_b_chr100_bs01",1,"",3,0,1,0,-1,-1,0,""
21011,"","","","ef_b_chr101_bs01",1,"",3,0,1,0,-1,-1,0,""
21021,"","","","ef_b_chr102_bs01",1,"",3,0,1,0,-1,-1,0,""
21031,"","","","ef_b_chr103_bs01",1,"",3,0,1,0,-1,-1,0,""
21041,"","","","ef_b_chr104_bs01",1,"",3,0,1,0,0,-1,0,""
21042,"","","","ef_b_chr104_bs02",1,"",3,0,1,0,0,-1,0,""
21051,"","","","ef_b_chr105_bs01",1,"",3,0,1,0,0,-1,0,""
21052,"","","","ef_b_chr105_bs02",1,"",3,0,1,0,-1,-1,0,""
21061,"","","","ef_b_chr106_bs01",1,"",3,0,1,0,-1,-1,0,""
21062,"","","","ef_b_chr106_bs02",1,"",3,0,1,0,0,-1,0,""
21071,"","","","ef_b_chr107_bs01",1,"",3,0,1,0,-1,-1,0,""
21111,"","","","ef_b_chr111_bs01",1,"",3,0,1,0,-1,-1,0,""
21121,"","","","ef_b_chr112_bs01",1,"",3,0,1,0,-1,-1,0,""
21131,"","","","ef_b_chr113_bs01",1,"",3,0,1,0,-1,-1,0,""
21141,"","","","ef_b_chr114_bs01",1,"",3,0,1,0,-1,-1,0,""
21151,"","","","ef_b_chr115_bs01",1,"",3,0,1,0,-1,-1,0,""
21161,"","","","ef_b_chr116_bs01",1,"",3,0,1,0,-1,-1,0,""
21171,"","","","ef_b_chr117_bs01",1,"",3,0,1,0,0,-1,0,""
21172,"","","","ef_b_chr117_bs02",1,"",3,0,1,0,-1,-1,0,""
21181,"","","","ef_b_chr118_bs01",1,"",3,0,1,0,0,-1,0,""
21182,"","","","ef_b_chr118_bs02",1,"",3,0,1,0,-1,-1,0,""
21191,"","","","ef_b_chr119_bs01",1,"",3,0,1,0,-1,-1,0,""
21192,"","","","ef_b_chr119_bs02",1,"",3,0,1,0,-1,-1,0,""
21261,"","","","ef_b_chr126_bs01",1,"",3,0,1,0,-1,-1,0,""
21262,"","","","ef_b_chr126_bs02",1,"",3,0,1,0,-1,-1,0,""
21271,"","","","ef_b_chr127_bs01",1,"",3,0,1,0,-1,-1,0,""
21281,"","","","ef_b_chr128_bs01",1,"",3,0,1,0,0,-1,0,""
21282,"","","","ef_b_chr128_bs02",1,"",3,0,1,0,-1,-1,0,""
21291,"","","","ef_b_chr129_bs01",1,"",3,0,1,0,-1,-1,0,""
21301,"","","","ef_b_chr130_bs01",1,"",3,0,1,0,-1,-1,0,""
21321,"","","","ef_b_chr132_bs01",1,"",3,0,1,0,-1,-1,0,""
21331,"","","","ef_b_chr133_bs01",1,"",3,0,1,0,-1,-1,0,""
21341,"","","","ef_b_chr134_bs01",1,"",3,0,1,0,-1,-1,0,""
21351,"","","","ef_b_chr135_bs01",1,"",3,0,1,0,-1,-1,0,""
21352,"","","","ef_b_chr135_bs03",1,"",3,0,1,0,-1,-1,0,""
21361,"","","","ef_b_chr136_bs01",1,"",3,0,1,0,-1,-1,0,""
21371,"","","","ef_b_chr137_bs01",1,"",3,0,1,0,-1,-1,0,""
21381,"","","","ef_b_chr138_bs01",1,"",3,0,1,0,-1,-1,0,""
21391,"","","","ef_b_chr139_bs01",1,"",3,0,1,0,-1,-1,0,""
21401,"","","","ef_b_chr140_bs01",1,"",3,0,1,0,-1,-1,0,""
21411,"","","","ef_b_chr141_bs01",1,"",3,0,1,0,-1,-1,0,""
21422,"","","","ef_b_chr142_bs01",1,"",3,0,1,0,-1,-1,0,""
21441,"","","","ef_b_chr144_bs01",1,"",3,0,1,0,-1,-1,0,""
21451,"","","","ef_b_chr145_bs01",1,"",3,0,1,0,0,-1,0,""
21461,"","","","ef_b_chr146_bs01",1,"",3,0,1,0,-1,-1,0,""
21471,"","","","ef_b_chr147_bs01",1,"",3,0,1,0,-1,-1,0,""
21481,"","","","ef_b_chr148_bs01",1,"",3,0,1,0,-1,-1,0,""
21491,"","","","ef_b_chr149_bs01",1,"",3,0,1,0,-1,-1,0,""
21501,"","","","ef_b_chr150_bs03",1,"",3,0,1,0,-1,-1,0,""
21502,"","","","ef_b_chr150_bs02",1,"",3,0,1,0,-1,-1,0,""
21511,"","","","ef_b_chr151_bs01",1,"",3,0,1,0,-1,-1,0,""
21621,"","","","ef_b_chr162_bs01",1,"",3,0,1,0,-1,-1,0,""
21631,"","","","ef_b_chr163_bs01",1,"",3,0,1,0,-1,-1,0,""
21681,"","","","ef_b_chr168_bs01",1,"",3,0,1,0,0,-1,0,""
21682,"","","","ef_b_chr168_bs02",1,"",3,0,1,0,0,-1,0,""
21691,"","","","ef_b_chr169_bs01",1,"",3,0,1,0,0,-1,0,""
21692,"","","","ef_b_chr169_bs02",1,"",3,0,1,0,0,-1,0,""
21693,"","","","ef_b_chr935_bs01",1,"",3,0,1,0,0,-1,0,""
21694,"","","","ef_b_chr935_bs02",1,"",3,0,1,0,0,-1,0,""
21701,"","","","ef_b_chr170_bs01",1,"",3,0,1,0,-1,-1,0,""
21702,"","","","ef_b_chr170_bs02",1,"",3,0,1,0,-1,-1,0,""
21711,"","","","ef_b_chr171_bs01",1,"",3,0,1,0,-1,-1,0,""
21712,"","","","ef_b_chr171_bs02",1,"",3,0,1,0,-1,-1,0,""
21721,"","","","ef_b_chr172_bs01",1,"",3,0,1,0,-1,-1,0,""
21722,"","","","ef_b_chr172_bs02",1,"",3,0,1,0,-1,-1,0,""
21731,"","","","ef_b_chr173_bs01",1,"",3,0,1,0,-1,-1,0,""
21732,"","","","ef_b_chr173_bs02",1,"",3,0,1,0,0,-1,0,""
21741,"","","","ef_b_chr174_bs01",1,"",3,0,1,0,-1,-1,0,""
21742,"","","","ef_b_chr174_bs02",1,"",3,0,1,0,-1,-1,0,""
21761,"","","","ef_b_chr176_bs01",1,"",3,0,1,0,0,-1,0,""
21762,"","","","ef_b_chr176_bs02",1,"",3,0,1,0,0,-1,0,""
21771,"","","","ef_b_chr177_bs01",1,"",3,0,1,0,-1,-1,0,""
21781,"","","","ef_b_chr178_bs01",1,"",3,0,1,0,0,-1,0,""
21782,"","","","ef_b_chr178_bs02",1,"",3,0,1,0,-1,-1,0,""
21783,"","","","ef_b_chr178_bs03",1,"",3,0,1,0,-1,-1,0,""
21784,"","","","ef_b_chr178_bs04",1,"",3,0,1,0,-1,-1,0,""
21791,"","","","ef_b_chr179_bs01",1,"",3,0,1,0,-1,-1,0,""
21792,"","","","ef_b_chr179_bs02",1,"",3,0,1,0,-1,-1,0,""
21793,"","","","ef_b_chr179_bs03",1,"",3,0,1,0,-1,-1,0,""
21801,"","","","ef_b_chr180_bs01",1,"",3,0,1,0,-1,-1,0,""
21802,"","","","ef_b_chr180_bs02",1,"",3,0,1,0,0,-1,0,""
21811,"","","","ef_b_chr181_bs01",1,"",3,0,1,0,-1,-1,0,""
21812,"","","","ef_b_chr181_bs02",1,"",3,0,1,0,-1,-1,0,""
21831,"","","","ef_b_chr183_bs01",1,"",3,0,1,0,-1,-1,0,""
21832,"","","","ef_b_chr183_bs02",1,"",3,0,1,0,-1,-1,0,""
21833,"","","","ef_b_bos_450",1,"",3,0,1,0,-1,-1,0,""
21834,"","","","ef_b_bos_451",1,"",3,0,1,0,-1,-1,0,""
21841,"","","","ef_b_chr184_bs01",1,"",3,0,1,0,-1,-1,0,""
21842,"","","","ef_b_chr184_bs02",1,"",3,0,1,0,-1,-1,0,""
21851,"","","","ef_b_chr185_bs01",1,"",3,0,1,0,-1,-1,0,""
21852,"","","","ef_b_chr185_bs02",1,"",3,0,1,0,-1,-1,0,""
21861,"","","","ef_b_chr186_bs01",1,"",3,0,1,0,-1,-1,0,""
21862,"","","","ef_b_chr186_bs02",1,"",3,0,1,0,-1,-1,0,""
21871,"","","","ef_b_chr187_bs01",1,"",3,0,1,0,-1,-1,0,""
21872,"","","","ef_b_chr187_bs02",1,"",3,0,1,0,-1,-1,0,""
21881,"","","","ef_b_chr188_bs01",1,"",3,0,1,0,-1,-1,0,""
21882,"","","","ef_b_chr188_bs02",1,"",3,0,1,0,-1,-1,0,""
21891,"","","","ef_b_chr189_bs01",1,"",3,0,1,0,-1,-1,0,""
21901,"","","","ef_b_chr190_bs01",1,"",3,0,1,0,-1,-1,0,""
21911,"","","","ef_b_chr191_bs01",1,"",3,0,1,0,-1,-1,0,""
21921,"","","","ef_b_chr192_bs01",1,"",3,0,1,0,0,-1,0,""
21931,"","","","ef_b_chr193_bs01",1,"",3,0,1,0,0,-1,0,""
21932,"","","","ef_b_chr193_bs02",1,"",3,0,1,0,0,-1,0,""
21941,"","","","ef_b_chr194_bs01",1,"",3,0,1,0,-1,-1,0,""
21942,"","","","ef_b_chr194_bs02",1,"",3,0,1,0,-1,-1,0,""
21951,"","","","ef_b_chr195_bs01",1,"",3,0,1,0,-1,-1,0,""
21952,"","","","ef_b_chr195_bs02",1,"",3,0,1,0,-1,-1,0,""
21961,"","","","ef_b_chr196_bs01",1,"",3,0,1,0,-1,-1,0,""
21971,"","","","ef_b_chr197_bs01",1,"",3,0,1,0,-1,-1,0,""
21972,"","","","ef_b_chr197_bs02",1,"",3,0,1,0,-1,-1,0,""
21981,"","","","ef_b_chr198_bs01",1,"",3,0,1,0,-1,-1,0,""
21991,"","","","ef_b_chr199_bs01",1,"",3,0,1,0,-1,-1,0,""
21992,"","","","ef_b_chr199_bs02",1,"",3,0,1,0,-1,-1,0,""
22001,"","","","ef_b_chr200_bs01",1,"",3,0,1,0,-1,-1,0,""
22081,"","","","ef_b_chr208_bs01",1,"",3,0,1,0,-1,-1,0,""
22091,"","","","ef_b_chr209_bs01",1,"",3,0,1,0,-1,-1,0,""
22101,"","","","ef_b_chr210_bs01",1,"",3,0,1,0,-1,-1,0,""
22111,"","","","ef_b_chr211_bs01",1,"",3,0,1,0,-1,-1,0,""
22131,"","","","ef_b_chr213_bs01",1,"",3,0,1,0,-1,-1,0,""
22132,"","","","ef_b_chr213_bs02",1,"",3,0,1,0,-1,-1,0,""
22133,"","","","ef_b_chr213_bs03",1,"",3,0,1,0,-1,-1,0,""
22141,"","","","ef_b_chr214_bs01",1,"",3,0,1,0,-1,-1,0,""
22142,"","","","ef_b_chr214_bs02",1,"",3,0,1,0,-1,-1,0,""
22151,"","","","ef_b_chr215_bs01",1,"",3,0,1,0,0,-1,0,""
22152,"","","","ef_b_chr215_bs02",1,"",3,0,1,0,0,-1,0,""
22171,"","","","ef_b_chr217_bs01",1,"",3,0,1,0,-1,-1,0,""
22181,"","","","ef_b_chr218_bs01",1,"",3,0,1,0,-1,-1,0,""
22191,"","","","ef_b_chr219_bs01",1,"",3,0,1,0,-1,-1,0,""
22201,"","","","ef_b_chr220_bs01",1,"",3,0,1,0,0,-1,0,""
22211,"","","","ef_b_chr221_bs01",1,"",3,0,1,0,-1,-1,0,""
22221,"","","","ef_b_chr222_bs01",1,"",3,0,1,0,-1,-1,0,""
22231,"","","","ef_b_chr223_bs01",1,"",3,0,1,0,-1,-1,0,""
22241,"","","","ef_b_chr224_bs01",1,"",3,0,1,0,0,-1,0,""
22251,"","","","ef_b_chr225_bs01",1,"",3,0,1,0,-1,-1,0,""
22252,"","","","ef_b_chr225_bs02",1,"",3,0,1,0,-1,-1,0,""
22261,"","","","ef_b_chr226_bs01",1,"",3,0,1,0,-1,-1,0,""
22271,"","","","ef_b_chr227_bs01",1,"",3,0,1,0,-1,-1,0,""
22281,"","","","ef_b_chr228_bs01",1,"",3,0,1,0,-1,-1,0,""
22291,"","","","ef_b_chr229_bs01",1,"",3,0,1,0,-1,-1,0,""
22301,"","","","ef_b_chr230_bs01",1,"",3,0,1,0,0,-1,0,""
22311,"","","","ef_b_chr231_bs01",1,"",3,0,1,0,-1,-1,0,""
22321,"","","","ef_b_chr232_bs01",1,"",3,0,1,0,-1,-1,0,""
22322,"","","","ef_b_chr232_bs02",1,"",3,0,1,0,-1,-1,0,""
22323,"","","","ef_b_chr232_bs03",1,"",3,0,1,0,-1,-1,0,""
22331,"","","","ef_b_chr233_bs01",1,"",3,0,1,0,-1,-1,0,""
22332,"","","","ef_b_chr233_bs02",1,"",3,0,1,0,-1,-1,0,""
22341,"","","","ef_b_chr234_bs01",1,"",3,0,1,0,-1,-1,0,""
22351,"","","","ef_b_chr235_bs01",1,"",3,0,1,0,-1,-1,0,""
22371,"","","","ef_b_chr237_bs01",1,"",3,0,1,0,-1,-1,0,""
22391,"","","","ef_b_chr239_bs01",1,"",3,0,1,0,-1,-1,0,""
22401,"","","","ef_b_chr240_bs01",1,"",3,0,1,0,-1,-1,0,""
22411,"","","","ef_b_chr241_bs01",1,"",3,0,1,0,-1,-1,0,""
22421,"","","","ef_b_chr242_bs01",1,"",3,0,1,0,-1,-1,0,""
22471,"","","","ef_b_chr247_bs01",1,"",3,0,1,0,-1,-1,0,""
22571,"","","","ef_b_chr257_bs01",1,"",3,0,1,0,-1,-1,0,""
22581,"","","","ef_b_chr258_bs01",1,"",3,0,1,0,-1,-1,0,""
22701,"","","","ef_b_chr270_bs01",1,"",3,0,1,0,-1,-1,0,""
22711,"","","","ef_b_chr271_bs01",1,"",3,0,1,0,-1,-1,0,""
22721,"","","","ef_b_chr272_bs01",1,"",3,0,1,0,-1,-1,0,""
22771,"","","","ef_b_chr277_bs01",1,"",3,0,1,0,-1,-1,0,""
22791,"","","","ef_b_chr279_bs01",1,"",3,0,1,0,-1,-1,0,""
22831,"","","","ef_b_chr283_bs01",1,"",3,0,1,0,-1,-1,0,""
22941,"","","","ef_b_chr294_bs01",1,"",3,0,1,0,-1,-1,0,""
23011,"","","","ef_b_chr301_bs01",1,"",3,0,1,0,-1,-1,0,""
23021,"","","","ef_b_chr302_bs01",1,"",3,0,1,0,-1,-1,0,""
23031,"","","","ef_b_chr303_bs01",1,"",3,0,1,0,-1,-1,0,""
23041,"","","","ef_b_chr304_bs01",1,"",3,0,1,0,-1,-1,0,""
23051,"","","","ef_b_chr305_bs01",1,"",3,0,1,0,-1,-1,0,""
23061,"","","","ef_b_chr306_bs01",1,"",3,0,1,0,-1,-1,0,""
23071,"","","","ef_b_chr307_bs01",1,"",3,0,1,0,-1,-1,0,""
23081,"","","","ef_b_chr308_bs01",1,"",3,0,1,0,-1,-1,0,""
23091,"","","","ef_b_chr309_bs01",1,"",3,0,1,0,-1,-1,0,""
23101,"","","","ef_b_chr310_bs01",1,"",3,0,1,0,-1,-1,0,""
23111,"","","","ef_b_chr311_bs01",1,"",3,0,1,0,-1,-1,0,""
23121,"","","","ef_b_chr312_bs01",1,"",3,0,1,0,-1,-1,0,""
23131,"","","","ef_b_chr313_bs01",1,"",3,0,1,0,-1,-1,0,""
23141,"","","","ef_b_chr314_bs01",1,"",3,0,1,0,-1,-1,0,""
23151,"","","","ef_b_chr315_bs01",1,"",3,0,1,0,-1,-1,0,""
23152,"","","","ef_b_chr315_bs02",1,"",3,0,1,0,-1,-1,0,""
23161,"","","","ef_b_chr316_bs01",1,"",3,0,1,0,-1,-1,0,""
23171,"","","","ef_b_chr317_bs01",1,"",3,0,1,0,-1,-1,0,""
23201,"","","","ef_b_chr320_bs01",1,"",3,0,1,0,-1,-1,0,""
23211,"","","","ef_b_chr321_bs01",1,"",3,0,1,0,-1,-1,0,""
23221,"","","","ef_b_chr322_bs01",1,"",3,0,1,0,-1,-1,0,""
23251,"","","","ef_b_chr325_bs01",1,"",3,0,1,0,-1,-1,0,""
23261,"","","","ef_b_chr326_bs01",1,"",3,0,1,0,-1,-1,0,""
23281,"","","","ef_b_chr328_bs01",1,"",3,0,1,0,0,-1,0,""
23291,"","","","ef_b_chr329_bs01",1,"",3,0,1,0,-1,-1,0,""
23292,"","","","ef_b_chr329_bs02",1,"",3,0,1,0,-1,-1,0,""
23311,"","","","ef_b_chr331_bs01",1,"",3,0,1,0,-1,-1,0,""
23312,"","","","ef_b_chr331_bs02",1,"",3,0,1,0,-1,-1,0,""
23381,"","","","ef_b_chr338_bs01",1,"",3,0,1,0,-1,-1,0,""
23382,"","","","ef_b_chr338_bs02",1,"",3,0,1,0,0,-1,0,""
23411,"","","","ef_b_chr341_bs01",1,"",3,0,1,0,-1,-1,0,""
23421,"","","","ef_b_chr342_bs01",1,"",3,0,1,0,-1,-1,0,""
23431,"","","","ef_b_chr343_bs01",1,"",3,0,1,0,-1,-1,0,""
23441,"","","","ef_b_chr344_bs01",1,"",3,0,1,0,-1,-1,0,""
23451,"","","","ef_b_chr345_bs01",1,"",3,0,1,0,-1,-1,0,""
23461,"","","","ef_b_chr346_bs01",1,"",3,0,1,0,-1,-1,0,""
23462,"","","","ef_b_chr346_bs02",1,"",3,0,1,0,-1,-1,0,""
23471,"","","","ef_b_chr347_bs01",1,"",3,0,1,0,-1,-1,0,""
23481,"","","","ef_b_chr348_bs01",1,"",3,0,1,0,-1,-1,0,""
23491,"","","","ef_b_chr349_bs01",1,"",3,0,1,0,-1,-1,0,""
23501,"","","","ef_b_chr350_bs01",1,"",3,0,1,0,-1,-1,0,""
23502,"","","","ef_b_chr350_bs02",1,"",3,0,1,0,-1,-1,0,""
23591,"","","","ef_b_chr359_bs01",1,"",3,0,1,0,-1,-1,0,""
23601,"","","","ef_b_chr360_bs01",1,"",3,0,1,0,-1,-1,0,""
23611,"","","","ef_b_chr361_bs01",1,"",3,0,1,0,-1,-1,0,""
23631,"","","","ef_b_chr363_bs01",1,"",3,0,1,0,-1,-1,0,""
23641,"","","","ef_b_chr364_bs01",1,"",3,0,1,0,-1,-1,0,""
23651,"","","","ef_b_chr365_bs01",1,"",3,0,1,0,-1,-1,0,""
23671,"","","","ef_b_chr367_bs01",1,"",3,0,1,0,-1,-1,0,""
23681,"","","","ef_b_chr368_bs01",1,"",3,0,1,0,-1,-1,0,""
23691,"","","","ef_b_chr369_bs01",1,"",3,0,1,0,-1,-1,0,""
23701,"","","","ef_b_chr370_bs01",1,"",3,0,1,0,-1,-1,0,""
23711,"","","","ef_b_chr371_bs01",1,"",3,0,1,0,-1,-1,0,""
23721,"","","","ef_b_chr372_bs01",1,"",3,0,1,0,-1,-1,0,""
23731,"","","","ef_b_chr373_bs01",1,"",3,0,1,0,-1,-1,0,""
23741,"","","","ef_b_chr374_bs01",1,"",3,0,1,0,-1,-1,0,""
23751,"","","","ef_b_chr375_bs01",1,"",3,0,1,0,-1,-1,0,""
23761,"","","","ef_b_chr376_bs01",1,"",3,0,1,0,-1,-1,0,""
23771,"","","","ef_b_chr377_bs01",1,"",3,0,1,0,-1,-1,0,""
23781,"","","","ef_b_chr378_bs01",1,"",3,0,1,0,-1,-1,0,""
23791,"","","","ef_b_chr379_bs01",1,"",3,0,1,0,-1,-1,0,""
23801,"","","","ef_b_chr380_bs01",1,"",3,0,1,0,-1,-1,0,""
23821,"","","","ef_b_chr382_bs01",1,"",3,0,1,0,-1,-1,0,""
23822,"","","","ef_b_chr382_bs02",1,"",3,0,1,0,-1,-1,0,""
23831,"","","","ef_b_chr383_bs01",1,"",3,0,1,0,-1,-1,0,""
23832,"","","","ef_b_chr383_bs02",1,"",3,0,1,0,-1,-1,0,""
23851,"","","","ef_b_chr385_bs01",1,"",3,0,1,0,-1,-1,0,""
23861,"","","","ef_b_chr386_bs01",1,"",3,0,1,0,-1,-1,0,""
23871,"","","","ef_b_chr387_bs01",1,"",3,0,1,0,-1,-1,0,""
23881,"","","","ef_b_chr388_bs01",1,"",3,0,1,0,-1,-1,0,""
23891,"","","","ef_b_chr389_bs01",1,"",3,0,1,0,-1,-1,0,""
23901,"","","","ef_b_chr390_bs01",1,"",3,0,1,0,0,-1,0,""
23911,"","","","ef_b_chr391_bs01",1,"",3,0,1,0,-1,-1,0,""
23921,"","","","ef_b_chr392_bs01",1,"",3,0,1,0,-1,-1,0,""
23931,"","","","ef_b_chr393_bs01",1,"",3,0,1,0,-1,-1,0,""
23941,"","","","ef_b_chr394_bs01",1,"",3,0,1,0,-1,-1,0,""
23951,"","","","ef_b_chr395_bs01",1,"",3,0,1,0,-1,-1,0,""
23961,"","","","ef_b_chr396_bs01",1,"",3,0,1,0,-1,-1,0,""
23971,"","","","ef_b_chr397_bs01",1,"",3,0,1,0,-1,-1,0,""
23981,"","","","ef_b_chr398_bs01",1,"",3,0,1,0,-1,-1,0,""
23991,"","","","ef_b_chr399_bs01",1,"",3,0,1,0,-1,-1,0,""
24001,"","","","ef_b_chr400_bs01",1,"",3,0,1,0,0,-1,0,""
24011,"","","","ef_b_chr401_bs01",1,"",3,0,1,0,-1,-1,0,""
24021,"","","","ef_b_chr402_bs01",1,"",3,0,1,0,-1,-1,0,""
24031,"","","","ef_b_chr403_bs01",1,"",3,0,1,0,-1,-1,0,""
24041,"","","","ef_b_chr404_bs01",1,"",3,0,1,0,-1,-1,0,""
24051,"","","","ef_b_chr405_bs01",1,"",3,0,1,0,-1,-1,0,""
24061,"","","","ef_b_chr406_bs01",1,"",3,0,1,0,-1,-1,0,""
24071,"","","","ef_b_chr407_bs01",1,"",3,0,1,0,-1,-1,0,""
24081,"","","","ef_b_chr408_bs01",1,"",3,0,1,0,-1,-1,0,""
24091,"","","","ef_b_chr409_bs01",1,"",3,0,1,0,-1,-1,0,""
24101,"","","","ef_b_chr410_bs01",1,"",3,0,1,0,-1,-1,0,""
24111,"","","","ef_b_chr411_bs01",1,"",3,0,1,0,0,-1,0,""
24121,"","","","ef_b_chr412_bs01",1,"",3,0,1,0,-1,-1,0,""
24131,"","","","ef_b_chr413_bs01",1,"",3,0,1,0,-1,-1,0,""
24141,"","","","ef_b_chr414_bs01",1,"",3,0,1,0,-1,-1,0,""
24161,"","","","ef_b_chr416_bs01",1,"",3,0,1,0,0,-1,0,""
24162,"","","","ef_b_chr416_bs02",1,"",3,0,1,0,0,-1,0,""
24171,"","","","ef_b_chr417_bs01",1,"",3,0,1,0,-1,-1,0,""
24172,"","","","ef_b_chr417_bs02",1,"",3,0,1,0,-1,-1,0,""
24173,"","","","ef_b_bar_120",1,"",3,0,1,0,-1,-1,0,""
24191,"","","","ef_b_chr419_bs01",1,"",3,0,1,0,-1,-1,0,""
24192,"","","","ef_b_chr419_bs02",1,"",3,0,1,0,0,-1,0,""
24201,"","","","ef_b_chr420_bs01",1,"",3,0,1,0,0,-1,0,""
24211,"","","","ef_b_chr421_bs01",1,"",3,0,1,0,-1,-1,0,""
24212,"","","","ef_b_chr421_bs02",1,"",3,0,1,0,-1,-1,0,""
24221,"","","","ef_b_chr422_bs01",1,"",3,0,1,0,-1,-1,0,""
24231,"","","","ef_b_chr423_bs01",1,"",3,0,1,0,-1,-1,0,""
24241,"","","","ef_b_chr424_bs01",1,"",3,0,1,0,-1,-1,0,""
24242,"","","","ef_b_chr424_bs02",1,"",3,0,1,0,-1,-1,0,""
24251,"","","","ef_b_chr425_bs01",1,"",3,0,1,0,-1,-1,0,""
24252,"","","","ef_b_chr425_bs02",1,"",3,0,1,0,-1,-1,0,""
24261,"","","","ef_b_chr426_bs01",1,"",3,0,1,0,-1,-1,0,""
24262,"","","","ef_b_chr426_bs02",1,"",3,0,1,0,-1,-1,0,""
24271,"","","","ef_b_chr427_bs01",1,"",3,0,1,0,-1,-1,0,""
24281,"","","","ef_b_chr428_bs01",1,"",3,0,1,0,-1,-1,0,""
24291,"","","","ef_b_chr429_bs01",1,"",3,0,1,0,-1,-1,0,""
24311,"","","","ef_b_chr431_bs01",1,"",3,0,1,0,-1,-1,0,""
24341,"","","","ef_b_chr434_bs01",1,"",3,0,1,0,-1,-1,0,""
24351,"","","","ef_b_chr435_bs01",1,"",3,0,1,0,0,-1,0,""
24352,"","","","ef_b_chr435_bs02",1,"",3,0,1,0,-1,-1,0,""
24371,"","","","ef_b_chr437_bs01",1,"",3,0,1,0,-1,-1,0,""
24381,"","","","ef_b_chr438_bs01",1,"",3,0,1,0,-1,-1,0,""
24391,"","","","ef_b_chr439_bs01",1,"",3,0,1,0,-1,-1,0,""
24392,"","","","ef_b_chr439_bs02",1,"",3,0,1,0,-1,-1,0,""
24401,"","","","ef_b_chr440_bs01",1,"",3,0,1,0,-1,-1,0,""
24402,"","","","ef_b_chr440_bs02",1,"",3,0,1,0,-1,-1,0,""
24431,"","","","ef_b_chr443_bs01",1,"",3,0,1,0,-1,-1,0,""
24432,"","","","ef_b_chr443_bs02",1,"",3,0,1,0,-1,-1,0,""
24461,"","","","ef_b_chr446_bs01",1,"",3,0,1,0,-1,-1,0,""
24462,"","","","ef_b_chr446_bs02",1,"",3,0,1,0,-1,-1,0,""
24501,"","","","ef_b_chr450_bs01",1,"",3,0,1,0,-1,-1,0,""
24511,"","","","ef_b_chr451_bs01",1,"",3,0,1,0,-1,-1,0,""
24512,"","","","ef_b_chr451_bs02",1,"",3,0,1,0,0,-1,0,""
24521,"","","","ef_b_chr452_bs01",1,"",3,0,1,0,-1,-1,0,""
24531,"","","","ef_b_chr453_bs01",1,"",3,0,1,0,-1,-1,0,""
24541,"","","","ef_b_chr454_bs01",1,"",3,0,1,0,-1,-1,0,""
24551,"","","","ef_b_chr455_bs01",1,"",3,0,1,0,-1,-1,0,""
24561,"","","","ef_b_chr456_bs01",1,"",3,0,1,0,-1,-1,0,""
24571,"","","","ef_b_chr457_bs01",1,"",3,0,1,0,-1,-1,0,""
24581,"","","","ef_b_chr458_bs01",1,"",3,0,1,0,-1,-1,0,""
24611,"","","","ef_b_chr461_bs01",1,"",3,0,1,0,-1,-1,0,""
24631,"","","","ef_b_chr463_bs01",1,"",3,0,1,0,-1,-1,0,""
24652,"","","","ef_b_chr465_bs01",1,"",3,0,1,0,-1,-1,0,""
24661,"","","","ef_b_chr466_bs01",1,"",3,0,1,0,-1,-1,0,""
24691,"","","","ef_b_chr469_bs01",1,"",3,0,1,0,-1,-1,0,""
24701,"","","","ef_b_chr470_bs01",1,"",3,0,1,0,-1,-1,0,""
24702,"","","","ef_b_chr470_bs02",1,"",3,0,1,0,-1,-1,0,""
24711,"","","","ef_b_chr471_bs01",1,"",3,0,1,0,-1,-1,0,""
24721,"","","","ef_b_chr472_bs01",1,"",3,0,1,0,-1,-1,0,""
24722,"","","","ef_b_chr472_bs02",1,"",3,0,1,0,-1,-1,0,""
24741,"","","","ef_b_chr474_bs01",1,"",3,0,1,0,-1,-1,0,""
24771,"","","","ef_b_chr477_bs01",1,"",3,0,1,0,-1,-1,0,""
24781,"","","","ef_b_chr478_bs01",1,"",3,0,1,0,-1,-1,0,""
24791,"","","","ef_b_chr479_bs01",1,"",3,0,1,0,-1,-1,0,""
24841,"","","","ef_b_chr484_bs01",1,"",3,0,1,0,-1,-1,0,""
24891,"","","","ef_b_chr489_bs01",1,"",3,0,1,0,-1,-1,0,""
24892,"","","","ef_b_chr489_bs02",1,"",3,0,1,0,0,-1,0,""
24901,"","","","ef_b_chr490_bs01",1,"",3,0,1,0,-1,-1,0,""
24902,"","","","ef_b_chr490_bs02",1,"",3,0,1,0,-1,-1,0,""
24911,"","","","ef_b_chr491_bs01",1,"",3,0,1,0,-1,-1,0,""
24921,"","","","ef_b_chr492_bs01",1,"",3,0,1,0,-1,-1,0,""
24922,"","","","ef_b_chr492_bs02",1,"",3,0,1,0,-1,-1,0,""
25101,"","","","ef_b_chr510_bs01",1,"",3,0,1,0,-1,-1,0,""
25121,"","","","ef_b_chr512_bs01",1,"",3,0,1,0,-1,-1,0,""
25141,"","","","ef_b_chr514_bs01",1,"",3,0,1,0,-1,-1,0,""
25151,"","","","ef_b_chr515_bs01",1,"",3,0,1,0,-1,-1,0,""
25161,"","","","ef_b_chr516_bs01",1,"",3,0,1,0,-1,-1,0,""
25171,"","","","ef_b_chr517_bs01",1,"",3,0,1,0,-1,-1,0,""
25481,"","","","ef_b_chr548_bs01",1,"",3,0,1,0,-1,-1,0,""
25631,"","","","ef_b_chr563_bs01",1,"",3,0,1,0,-1,-1,0,""
25641,"","","","ef_b_chr564_bs01",1,"",3,0,1,0,-1,-1,0,""
25651,"","","","ef_b_chr565_bs01",1,"",3,0,1,0,-1,-1,0,""
25661,"","","","ef_b_chr566_bs01",1,"",3,0,1,0,-1,-1,0,""
25671,"","","","ef_b_chr567_bs01",1,"",3,0,1,0,-1,-1,0,""
25691,"","","","ef_b_chr569_bs01",1,"",3,0,1,0,-1,-1,0,""
25711,"","","","ef_b_chr571_bs01",1,"",3,0,1,0,-1,-1,0,""
25721,"","","","ef_b_chr572_bs01",1,"",3,0,1,0,-1,-1,0,""
25731,"","","","ef_b_chr573_bs01",1,"",3,0,1,0,-1,-1,0,""
25741,"","","","ef_b_chr574_bs01",1,"",3,0,1,0,-1,-1,0,""
25751,"","","","ef_b_chr575_bs01",1,"",3,0,1,0,-1,-1,0,""
25761,"","","","ef_b_chr576_bs01",1,"",3,0,1,0,-1,-1,0,""
25771,"","","","ef_b_chr577_bs01",1,"",3,0,1,0,-1,-1,0,""
25781,"","","","ef_b_chr578_bs01",1,"",3,0,1,0,-1,-1,0,""
25791,"","","","ef_b_chr579_bs01",1,"",3,0,1,0,-1,-1,0,""
25801,"","","","ef_b_chr580_bs01",1,"",3,0,1,0,-1,-1,0,""
25821,"","","","ef_b_chr582_bs01",1,"",3,0,1,0,-1,-1,0,""
25841,"","","","ef_b_chr584_bs01",1,"",3,0,1,0,-1,-1,0,""
25861,"","","","ef_b_chr586_bs01",1,"",3,0,1,0,-1,-1,0,""
25881,"","","","ef_b_chr588_bs01",1,"",3,0,1,0,-1,-1,0,""
25901,"","","","ef_b_chr590_bs01",1,"",3,0,1,0,-1,-1,0,""
25921,"","","","ef_b_chr592_bs01",1,"",3,0,1,0,-1,-1,0,""
25941,"","","","ef_b_chr594_bs01",1,"",3,0,1,0,-1,-1,0,""
25951,"","","","ef_b_chr595_bs01",1,"",3,0,1,0,-1,-1,0,""
25961,"","","","ef_b_chr596_bs01",1,"",3,0,1,0,-1,-1,0,""
25971,"","","","ef_b_chr597_bs01",1,"",3,0,1,0,-1,-1,0,""
25981,"","","","ef_b_chr598_bs01",1,"",3,0,1,0,-1,-1,0,""
26001,"","","","ef_b_chr600_bs01",1,"",3,0,1,0,-1,-1,0,""
26011,"","","","ef_b_chr601_bs01",1,"",3,0,1,0,-1,-1,0,""
26021,"","","","ef_b_chr602_bs01",1,"",3,0,1,0,-1,-1,0,""
26031,"","","","ef_b_chr603_bs01",1,"",3,0,1,0,-1,-1,0,""
26032,"","","","ef_b_chr603_bs02",1,"",3,0,1,0,-1,-1,0,""
26041,"","","","ef_b_chr604_bs01",1,"",3,0,1,0,0,-1,0,""
26042,"","","","ef_b_chr604_bs02",1,"",3,0,1,0,0,-1,0,""
26051,"","","","ef_b_chr605_bs01",1,"",3,0,1,0,-1,-1,0,""
26061,"","","","ef_b_chr606_bs01",1,"",3,0,1,0,-1,-1,0,""
26071,"","","","ef_b_chr607_bs01",1,"",3,0,1,0,-1,-1,0,""
26091,"","","","ef_b_chr609_bs01",1,"",3,0,1,0,-1,-1,0,""
26101,"","","","ef_b_chr610_bs01",1,"",3,0,1,0,-1,-1,0,""
26111,"","","","ef_b_chr611_bs01",1,"",3,0,1,0,-1,-1,0,""
26121,"","","","ef_b_chr612_bs01",1,"",3,0,1,0,-1,-1,0,""
26131,"","","","ef_b_chr613_bs01",1,"",3,0,1,0,0,-1,0,""
26141,"","","","ef_b_chr614_bs01",1,"",3,0,1,0,-1,-1,0,""
26142,"","","","ef_b_chr614_bs02",1,"",3,0,1,0,-1,-1,0,""
26151,"","","","ef_b_chr615_bs01",1,"",3,0,1,0,-1,-1,0,""
26161,"","","","ef_b_chr616_bs01",1,"",3,0,1,0,-1,-1,0,""
26162,"","","","ef_b_chr616_bs02",1,"",3,0,1,0,-1,-1,0,""
26171,"","","","ef_b_chr617_bs01",1,"",3,0,1,0,-1,-1,0,""
26172,"","","","ef_b_chr617_bs02",1,"",3,0,1,0,-1,-1,0,""
26191,"","","","ef_b_chr619_bs01",1,"",3,0,1,0,-1,-1,0,""
26192,"","","","ef_b_chr619_bs02",1,"",3,0,1,0,-1,-1,0,""
26201,"","","","ef_b_chr620_bs01",1,"",3,0,1,0,-1,-1,0,""
26202,"","","","ef_b_chr620_bs02",1,"",3,0,1,0,-1,-1,0,""
26211,"","","","ef_b_chr621_bs01",1,"",3,0,1,0,-1,-1,0,""
26221,"","","","ef_b_chr622_bs01",1,"",3,0,1,0,-1,-1,0,""
26231,"","","","ef_b_chr623_bs01",1,"",3,0,1,0,-1,-1,0,""
26241,"","","","ef_b_chr624_bs01",1,"",3,0,1,0,-1,-1,0,""
26261,"","","","ef_b_chr626_bs01",1,"",3,0,1,0,-1,-1,0,""
26271,"","","","ef_b_chr627_bs01",1,"",3,0,1,0,-1,-1,0,""
26291,"","","","ef_b_chr629_bs01",1,"",3,0,1,0,-1,-1,0,""
26301,"","","","ef_b_chr630_bs01",1,"",3,0,1,0,-1,-1,0,""
26311,"","","","ef_b_chr631_bs01",1,"",3,0,1,0,-1,-1,0,""
26321,"","","","ef_b_chr632_bs01",1,"",3,0,1,0,-1,-1,0,""
26691,"","","","ef_b_chr669_bs01",1,"",3,0,1,0,0,-1,0,""
26701,"","","","ef_b_chr670_bs01",1,"",3,0,1,0,0,-1,0,""
26751,"","","","ef_b_chr675_bs01",1,"",3,0,1,0,0,-1,0,""
26761,"","","","ef_b_chr676_bs01",1,"",3,0,1,0,-1,-1,0,""
26771,"","","","ef_b_chr677_bs01",1,"",3,0,1,0,-1,-1,0,""
26772,"","","","ef_b_chr677_bs02",1,"",3,0,1,0,0,-1,0,""
26781,"","","","ef_b_chr678_bs01",1,"",3,0,1,0,0,-1,0,""
26791,"","","","ef_b_chr679_bs01",1,"",3,0,1,0,-1,-1,0,""
26801,"","","","ef_b_chr680_bs01",1,"",3,0,1,0,-1,-1,0,""
26811,"","","","ef_b_chr681_bs01",1,"",3,0,1,0,-1,-1,0,""
26821,"","","","ef_b_chr682_bs01",1,"",3,0,1,0,-1,-1,0,""
26831,"","","","ef_b_chr683_bs01",1,"",3,0,1,0,-1,-1,0,""
26832,"","","","ef_b_chr683_bs02",1,"",3,0,1,0,-1,-1,0,""
26871,"","","","ef_b_chr687_bs01",1,"",3,0,1,0,-1,-1,0,""
26881,"","","","ef_b_chr688_bs01",1,"",3,0,1,0,-1,-1,0,""
26882,"","","","ef_b_chr688_bs02",1,"",3,0,1,0,-1,-1,0,""
26971,"","","","ef_b_chr697_bs01",1,"",3,0,1,0,-1,-1,0,""
26981,"","","","ef_b_chr698_bs01",1,"",3,0,1,0,-1,-1,0,""
26991,"","","","ef_b_chr699_bs01",1,"",3,0,1,0,-1,-1,0,""
27001,"","","","ef_b_chr700_bs01",1,"",3,0,1,0,0,-1,0,""
27002,"","","","ef_b_chr700_bs02",1,"",3,0,1,0,0,-1,0,""
27011,"","","","ef_b_chr701_bs01",1,"",3,0,1,0,-1,-1,0,""
27013,"","","","ef_b_chr701_chr750_sp001",1,"",3,0,1,0,-1,-1,0,""
27021,"","","","ef_b_chr702_bs01",1,"",3,0,1,0,-1,-1,0,""
27031,"","","","ef_b_chr703_bs01",1,"",3,0,1,0,-1,-1,0,""
27032,"","","","ef_b_chr703_bs02",1,"",3,0,1,0,-1,-1,0,""
27041,"","","","ef_b_chr704_bs01",1,"",3,0,1,0,-1,-1,0,""
27051,"","","","ef_b_chr705_bs01",1,"",3,0,1,0,-1,-1,0,""
27061,"","","","ef_b_chr706_bs01",1,"",3,0,1,0,-1,-1,0,""
27071,"","","","ef_b_chr707_bs01",1,"",3,0,1,0,-1,-1,0,""
27081,"","","","ef_b_chr708_bs01",1,"",3,0,1,0,-1,-1,0,""
27091,"","","","ef_b_chr709_bs01",1,"",3,0,1,0,-1,-1,0,""
27101,"","","","ef_b_chr710_bs01",1,"",3,0,1,0,-1,-1,0,""
27111,"","","","ef_b_chr711_bs01",1,"",3,0,1,0,-1,-1,0,""
27161,"","","","ef_b_chr716_bs01",1,"",3,0,1,0,-1,-1,0,""
27181,"","","","ef_b_chr718_bs01",1,"",3,0,1,0,-1,-1,0,""
27191,"","","","ef_b_chr719_bs01",1,"",3,0,1,0,-1,-1,0,""
27201,"","","","ef_b_chr720_bs01",1,"",3,0,1,0,-1,-1,0,""
27211,"","","","ef_b_chr721_bs01",1,"",3,0,1,0,-1,-1,0,""
27221,"","","","ef_b_chr722_bs01",1,"",3,0,1,0,-1,-1,0,""
27231,"","","","ef_b_chr723_bs01",1,"",3,0,1,0,-1,-1,0,""
27241,"","","","ef_b_chr724_bs01",1,"",3,0,1,0,-1,-1,0,""
27251,"","","","ef_b_chr725_bs01",1,"",3,0,1,0,-1,-1,0,""
27252,"","","","ef_b_chr725_bs02",1,"",3,0,1,0,-1,-1,0,""
27261,"","","","ef_b_chr726_bs01",1,"",3,0,1,0,-1,-1,0,""
27271,"","","","ef_b_chr727_bs01",1,"",3,0,1,0,-1,-1,0,""
27281,"","","","ef_b_chr728_bs01",1,"",3,0,1,0,-1,-1,0,""
27291,"","","","ef_b_chr729_bs01",1,"",3,0,1,0,-1,-1,0,""
27301,"","","","ef_b_chr730_bs01",1,"",3,0,1,0,-1,-1,0,""
27311,"","","","ef_b_chr731_bs01",1,"",3,0,1,0,-1,-1,0,""
27321,"","","","ef_b_chr732_bs01",1,"",3,0,1,0,0,-1,0,""
27322,"","","","ef_b_chr732_bs02",1,"",3,0,1,0,-1,-1,0,""
27331,"","","","ef_b_chr733_bs01",1,"",3,0,1,0,0,-1,0,""
27332,"","","","ef_b_chr733_bs02",1,"",3,0,1,0,-1,-1,0,""
27341,"","","","ef_b_chr734_bs01",1,"",3,0,1,0,-1,-1,0,""
27342,"","","","ef_b_chr734_bs02",1,"",3,0,1,0,-1,-1,0,""
27351,"","","","ef_b_chr735_bs01",1,"",3,0,1,0,0,-1,0,""
27352,"","","","ef_b_chr735_bs02",1,"",3,0,1,0,-1,-1,0,""
27371,"","","","ef_b_chr737_bs01",1,"",3,0,1,0,-1,-1,0,""
27372,"","","","ef_b_chr737_bs02",1,"",3,0,1,0,-1,-1,0,""
27373,"","","","ef_b_chr737_bs03",1,"",3,0,1,0,-1,-1,0,""
27374,"","","","ef_b_chr737_bs04",1,"",3,0,1,0,-1,-1,0,""
27375,"","","","ef_b_chr737_bs05",1,"",3,0,1,0,-1,-1,0,""
27381,"","","","ef_b_chr738_bs01",1,"",3,0,1,0,-1,-1,0,""
27382,"","","","ef_b_chr738_bs02",1,"",3,0,1,0,-1,-1,0,""
27391,"","","","ef_b_chr739_bs01",1,"",3,0,1,0,-1,-1,0,""
27392,"","","","ef_b_chr739_bs02",1,"",3,0,1,0,-1,-1,0,""
27401,"","","","ef_b_chr740_bs01",1,"",3,0,1,0,-1,-1,0,""
27402,"","","","ef_b_chr740_bs02",1,"",3,0,1,0,-1,-1,0,""
27411,"","","","ef_b_chr741_bs01",1,"",3,0,1,0,-1,-1,0,""
27412,"","","","ef_b_chr741_bs02",1,"",3,0,1,0,-1,-1,0,""
27421,"","","","ef_b_chr742_bs01",1,"",3,0,1,0,-1,-1,0,""
27422,"","","","ef_b_chr742_bs02",1,"",3,0,1,0,-1,-1,0,""
27423,"","","","ef_b_chr742_bs03",1,"",3,0,1,0,-1,-1,0,""
27431,"","","","ef_b_chr743_bs01",1,"",3,0,1,0,-1,-1,0,""
27432,"","","","ef_b_chr743_bs02",1,"",3,0,1,0,-1,-1,0,""
27441,"","","","ef_b_chr744_bs01",1,"",3,0,1,0,-1,-1,0,""
27442,"","","","ef_b_chr744_bs02",1,"",3,0,1,0,-1,-1,0,""
27451,"","","","ef_b_chr745_bs01",1,"",3,0,1,0,-1,-1,0,""
27471,"","","","ef_b_chr747_bs01",1,"",3,0,1,0,-1,-1,0,""
27472,"","","","ef_b_chr747_bs02",1,"",3,0,1,0,-1,-1,0,""
27481,"","","","ef_b_chr748_bs01",1,"",3,0,1,0,0,-1,0,""
27482,"","","","ef_b_chr748_bs02",1,"",3,0,1,0,0,-1,0,""
27483,"","","","ef_b_chr748_bs03",1,"",3,0,1,0,0,-1,0,""
27491,"","","","ef_b_chr749_bs01",1,"",3,0,1,0,-1,-1,0,""
27492,"","","","ef_b_chr749_bs02",1,"",3,0,1,0,-1,-1,0,""
27493,"","","","ef_b_bar_121",1,"",3,0,1,0,-1,-1,0,""
27501,"","","","ef_b_chr750_bs01",1,"",3,0,1,0,-1,-1,0,""
27511,"","","","ef_b_chr751_bs01",1,"",3,0,1,0,-1,-1,0,""
27521,"","","","ef_b_chr752_bs01",1,"",3,0,1,0,-1,-1,0,""
27531,"","","","ef_b_chr753_bs01",1,"",3,0,1,0,0,-1,0,""
27541,"","","","ef_b_chr754_bs01",1,"",3,0,1,0,-1,-1,0,""
27542,"","","","ef_b_chr754_bs02",1,"",3,0,1,0,-1,-1,0,""
27551,"","","","ef_b_chr755_bs01",1,"",3,0,1,0,-1,-1,0,""
27561,"","","","ef_b_chr756_bs01",1,"",3,0,1,0,-1,-1,0,""
27571,"","","","ef_b_chr757_bs01",1,"",3,0,1,0,0,-1,0,""
27572,"","","","ef_b_chr757_bs02",1,"",3,0,1,0,-1,-1,0,""
27573,"","","","ef_b_bar_122",1,"",3,0,1,0,-1,-1,0,""
27581,"","","","ef_b_chr758_bs01",1,"",3,0,1,0,-1,-1,0,""
27591,"","","","ef_b_chr759_bs01",1,"",3,0,1,0,-1,-1,0,""
27601,"","","","ef_b_chr760_bs01",1,"",3,0,1,0,-1,-1,0,""
27611,"","","","ef_b_chr761_bs01",1,"",3,0,1,0,0,-1,0,""
27621,"","","","ef_b_chr762_bs01",1,"",3,0,1,0,-1,-1,0,""
27631,"","","","ef_b_chr763_bs01",1,"",3,0,1,0,-1,-1,0,""
27641,"","","","ef_b_chr764_bs01",1,"",3,0,1,0,-1,-1,0,""
27651,"","","","ef_b_chr765_bs01",1,"",3,0,1,0,-1,-1,0,""
27661,"","","","ef_b_chr766_bs01",1,"",3,0,1,0,0,-1,0,""
27662,"","","","ef_b_chr766_bs02",1,"",3,0,1,0,0,-1,0,""
27673,"","","","ef_b_chr767_bs03",1,"",3,0,1,0,0,-1,0,""
27701,"","","","ef_b_chr770_bs01",1,"",3,0,1,0,-1,-1,0,""
27702,"","","","ef_b_chr770_bs02",1,"",3,0,1,0,-1,-1,0,""
27711,"","","","ef_b_chr771_bs01",1,"",3,0,1,0,-1,-1,0,""
27712,"","","","ef_b_chr771_bs02",1,"",3,0,1,0,-1,-1,0,""
27721,"","","","ef_b_chr772_bs01",1,"",3,0,1,0,0,-1,0,""
27722,"","","","ef_b_chr772_bs02",1,"",3,0,1,0,0,-1,0,""
27731,"","","","ef_b_chr773_bs01",1,"",3,0,1,0,0,-1,0,""
27732,"","","","ef_b_chr773_bs02",1,"",3,0,1,0,0,-1,0,""
27741,"","","","ef_b_chr774_bs01",1,"",3,0,1,0,-1,-1,0,""
27742,"","","","ef_b_chr774_bs02",1,"",3,0,1,0,0,-1,0,""
27751,"","","","ef_b_chr775_bs01",1,"",3,0,1,0,-1,-1,0,""
27752,"","","","ef_b_chr775_bs02",1,"",3,0,1,0,-1,-1,0,""
27761,"","","","ef_b_chr776_bs01",1,"",3,0,1,0,0,-1,0,""
27762,"","","","ef_b_chr776_bs02",1,"",3,0,1,0,0,-1,0,""
27771,"","","","ef_b_chr777_bs01",1,"",3,0,1,0,0,-1,0,""
27772,"","","","ef_b_chr777_bs02",1,"",3,0,1,0,0,-1,0,""
27781,"","","","ef_b_chr778_bs01",1,"",3,0,1,0,-1,-1,0,""
27782,"","","","ef_b_chr778_bs02",1,"",3,0,1,0,-1,-1,0,""
27791,"","","","ef_b_chr779_bs01",1,"",3,0,1,0,-1,-1,0,""
27792,"","","","ef_b_chr779_bs02",1,"",3,0,1,0,-1,-1,0,""
27801,"","","","ef_b_chr780_bs01",1,"",3,0,1,0,0,-1,0,""
27811,"","","","ef_b_chr781_bs01",1,"",3,0,1,0,-1,-1,0,""
27812,"","","","ef_b_chr781_bs02",1,"",3,0,1,0,-1,-1,0,""
27821,"","","","ef_b_chr782_bs01",1,"",3,0,1,0,-1,-1,0,""
27822,"","","","ef_b_chr782_bs02",1,"",3,0,1,0,-1,-1,0,""
27831,"","","","ef_b_chr783_bs01",1,"",3,0,1,0,-1,-1,0,""
27832,"","","","ef_b_chr783_bs02",1,"",3,0,1,0,-1,-1,0,""
27841,"","","","ef_b_chr784_bs01",1,"",3,0,1,0,-1,-1,0,""
27842,"","","","ef_b_chr784_bs02",1,"",3,0,1,0,0,-1,0,""
28021,"","","","ef_b_chr802_bs01",1,"",3,0,1,0,-1,-1,0,""
28022,"","","","ef_b_chr802_bs02",1,"",3,0,1,0,-1,-1,0,""
28023,"","","","ef_b_chr802_bs03",1,"",3,0,1,0,-1,-1,0,""
28041,"","","","ef_b_chr804_bs01",1,"",3,0,1,0,-1,-1,0,""
28042,"","","","ef_b_chr804_bs02",1,"",3,0,1,0,-1,-1,0,""
28043,"","","","ef_b_bos_365",1,"",3,0,1,0,-1,-1,0,""
28044,"","","","ef_b_chr804_bs01",1,"",3,0,1,0,-1,-1,0,""
28045,"","","","ef_b_chr804_bs03",1,"",3,0,1,0,-1,-1,0,""
28047,"","","","ef_b_bos_365",1,"",3,0,1,0,-1,-1,0,""
28061,"","","","ef_b_chr807_ba01",1,"",3,0,1,0,-1,-1,0,""
28062,"","","","ef_b_chr807_ba02",1,"",3,0,1,0,-1,-1,0,""
28111,"","","","ef_b_bar_123",2,"FP01",2,1.2,0,0,-1,-1,0,""
28112,"","","","ef_b_bar_123",2,"FP01",2,1.2,0,0,-1,-1,0,""
29071,"","","","ef_b_chr907_bs01",1,"",3,0,1,0,-1,-1,0,""
29081,"","","","ef_b_chr908_bs01",1,"",3,0,1,0,0,-1,0,""
29091,"","","","ef_b_chr909_bs01",1,"",3,0,1,0,0,-1,0,""
29131,"","","","ef_b_chr913_bs01",1,"",3,0,1,0,-1,-1,0,""
29151,"","","","ef_b_chr915_bs01",1,"",3,0,1,0,0,-1,0,""
29161,"","","","ef_b_chr916_bs01",1,"",3,0,1,0,-1,-1,0,""
29162,"","","","ef_b_chr916_bs02",1,"",3,0,1,0,-1,-1,0,""
29201,"","","","ef_b_chr920_bs01",1,"",3,0,1,0,-1,-1,0,""
29211,"","","","ef_b_chr921_bs01",1,"",3,0,1,0,0,-1,0,""
29261,"","","","ef_b_chr926_bs01",1,"",3,0,1,0,-1,-1,0,""
29263,"","","","ef_b_bos_110",1,"",3,0,1,0,-1,-1,0,""
29264,"","","","ef_b_bos_111",1,"",3,0,1,0,-1,-1,0,""
29291,"","","","ef_b_chr915_bs01",1,"",3,0,1,0,0,-1,0,""
29301,"","","","ef_b_chr950_bs01",1,"",3,0,1,0,0,-1,0,""
30011,"","","","ef_b_gfi_s02",4,"",4,0,1,0,-1,-1,0,""
30012,"","","","ef_b_gfi_s02",3,"18",2,1,1,0,-1,-1,0,""
30013,"","","","ef_b_gfi_s02",3,"18",2,1,1,0,-1,-1,0,""
30021,"","","","ef_b_gfi_s01",4,"",4,0,1,0,-1,-1,0,""
30022,"","","","ef_b_gfi_s01",7,"",0,0,1,0,-1,-1,0,""
30023,"","","","ef_b_gfi_s01",7,"",0,0,1,0,-1,-1,0,""
30024,"","","","ef_b_gfi_s01",4,"",0,0,1,0,-1,-1,0,""
30025,"","","","ef_b_gfi_s01",4,"",0,0,1,0,-1,-1,0,""
30026,"","","","ef_b_gfi_s01",4,"",0,0,1,0,-1,-1,0,""
30027,"","","","ef_f_hit_100_fire",2,"CP01",4,0.8,1,0,-1,-1,0,""
30028,"","","","ef_f_hit_101_fire",2,"CP01",4,0.8,1,0,-1,-1,0,""
30029,"","","","ef_f_hit_102_fire",2,"CP01",4,0.8,1,0,-1,-1,0,""
30031,"","","","ef_b_gfi_a02",4,"",4,0,1,0,-1,-1,0,""
30032,"","","","ef_b_gfi_a01",4,"",4,0,1,0,-1,-1,0,""
30033,"","","","ef_b_gfi_a01",4,"",4,0,1,0,-1,-1,0,""
30041,"","","","ef_b_gwa_s02",4,"",4,0,1,0,-1,-1,0,""
30042,"","","","ef_b_gwa_s02",3,"18",2,1,1,0,-1,-1,0,""
30043,"","","","ef_b_gwa_s02",3,"18",2,1,1,0,-1,-1,0,""
30051,"","","","ef_b_gwa_s01",4,"",4,0,1,0,-1,-1,0,""
30052,"","","","ef_b_gwa_s01",7,"",0,0,1,0,-1,-1,0,""
30053,"","","","ef_b_gwa_s01",7,"",0,0,1,0,-1,-1,0,""
30054,"","","","ef_b_gwa_s01",4,"",0,0,1,0,-1,-1,0,""
30055,"","","","ef_b_gwa_s01",4,"",0,0,1,0,-1,-1,0,""
30056,"","","","ef_b_gwa_s01",4,"",0,0,1,0,-1,-1,0,""
30057,"","","","ef_f_hit_110_water",2,"CP01",4,0.8,1,0,-1,-1,0,""
30058,"","","","ef_f_hit_111_water",2,"CP01",4,0.8,1,0,-1,-1,0,""
30059,"","","","ef_f_hit_112_water",2,"CP01",4,0.8,1,0,-1,-1,0,""
30061,"","","","ef_b_gwa_a02",4,"",4,0,1,0,-1,-1,0,""
30062,"","","","ef_b_gwa_a01",4,"",4,0,1,0,-1,-1,0,""
30063,"","","","ef_b_gwa_a01",4,"",4,0,1,0,-1,-1,0,""
30071,"","","","ef_b_gle_s02",4,"",4,0,1,0,-1,-1,0,""
30072,"","","","ef_b_gle_s02",3,"18",2,1,1,0,-1,-1,0,""
30073,"","","","ef_b_gle_s02",3,"18",2,1,1,0,-1,-1,0,""
30081,"","","","ef_b_gle_s01",4,"",4,0,1,0,-1,-1,0,""
30082,"","","","ef_b_gle_s01",7,"",0,0,1,0,-1,-1,0,""
30083,"","","","ef_b_gle_s01",7,"",0,0,1,0,-1,-1,0,""
30084,"","","","ef_b_gle_s01",4,"",0,0,1,0,-1,-1,0,""
30085,"","","","ef_b_gle_s01",4,"",0,0,1,0,-1,-1,0,""
30086,"","","","ef_b_gle_s01",4,"",0,0,1,0,-1,-1,0,""
30087,"","","","ef_f_hit_160_leaf",2,"CP01",4,0.8,1,0,-1,-1,0,""
30088,"","","","ef_f_hit_161_leaf",2,"CP01",4,0.8,1,0,-1,-1,0,""
30089,"","","","ef_f_hit_162_leaf",2,"CP01",4,0.8,1,0,-1,-1,0,""
30091,"","","","ef_b_gle_a02",4,"",4,0,1,0,-1,-1,0,""
30092,"","","","ef_b_gle_a01",4,"",4,0,1,0,-1,-1,0,""
30093,"","","","ef_b_gle_a01",4,"",4,0,1,0,-1,-1,0,""
30101,"","","","ef_b_gic_s02",4,"",4,0,1,0,-1,-1,0,""
30102,"","","","ef_b_gic_s02",3,"18",2,1,1,0,-1,-1,0,""
30103,"","","","ef_b_gic_s02",3,"18",2,1,1,0,-1,-1,0,""
30111,"","","","ef_b_gic_s01",4,"",4,0,1,0,-1,-1,0,""
30112,"","","","ef_b_gic_s01",7,"",0,0,1,0,-1,-1,0,""
30113,"","","","ef_b_gic_s01",7,"",0,0,1,0,-1,-1,0,""
30114,"","","","ef_b_gic_s02",4,"",0,0,1,0,-1,-1,0,""
30115,"","","","ef_b_gic_s02",4,"",0,0,1,0,-1,-1,0,""
30116,"","","","ef_b_gic_s02",4,"",0,0,1,0,-1,-1,0,""
30117,"","","","ef_f_hit_120_ice",2,"CP01",4,0.8,1,0,-1,-1,0,""
30118,"","","","ef_f_hit_121_ice",2,"CP01",4,0.8,1,0,-1,-1,0,""
30119,"","","","ef_f_hit_122_ice",2,"CP01",4,0.8,1,0,-1,-1,0,""
30121,"","","","ef_b_gic_a02",4,"",4,0,1,0,-1,-1,0,""
30122,"","","","ef_b_gic_a01",4,"",4,0,1,0,-1,-1,0,""
30123,"","","","ef_b_gic_a01",4,"",4,0,1,0,-1,-1,0,""
30131,"","","","ef_b_gth_s02",4,"",4,0,1,0,-1,-1,0,""
30132,"","","","ef_b_gth_s02",3,"18",2,1,1,0,-1,-1,0,""
30133,"","","","ef_b_gth_s02",3,"18",2,1,1,0,-1,-1,0,""
30141,"","","","ef_b_gth_s01",4,"",4,0,1,0,-1,-1,0,""
30142,"","","","ef_b_gth_s01",7,"",0,0,1,0,-1,-1,0,""
30143,"","","","ef_b_gth_s01",7,"",0,0,1,0,-1,-1,0,""
30144,"","","","ef_b_gth_s01",4,"",0,0,1,0,-1,-1,0,""
30145,"","","","ef_b_gth_s01",4,"",0,0,1,0,-1,-1,0,""
30146,"","","","ef_b_gth_s01",4,"",0,0,1,0,-1,-1,0,""
30147,"","","","ef_f_hit_140_thunder",2,"CP01",4,0.8,1,0,-1,-1,0,""
30148,"","","","ef_f_hit_141_thunder",2,"CP01",4,0.8,1,0,-1,-1,0,""
30149,"","","","ef_f_hit_142_thunder",2,"CP01",4,0.8,1,0,-1,-1,0,""
30151,"","","","ef_b_gth_a01",4,"",4,0,1,0,-1,-1,0,""
30152,"","","","ef_b_gth_a02",4,"",4,0,1,0,-1,-1,0,""
30153,"","","","ef_b_gth_a02",4,"",4,0,1,0,-1,-1,0,""
30161,"","","","ef_b_gro_s02",4,"",4,0,1,0,-1,-1,0,""
30162,"","","","ef_b_gro_s02",3,"18",2,1,1,0,-1,-1,0,""
30163,"","","","ef_b_gro_s02",3,"18",2,1,1,0,-1,-1,0,""
30171,"","","","ef_b_gro_s01",4,"",4,0,1,0,-1,-1,0,""
30172,"","","","ef_b_gro_s01",7,"",0,0,1,0,-1,-1,0,""
30173,"","","","ef_b_gro_s01",7,"",0,0,1,0,-1,-1,0,""
30174,"","","","ef_b_gro_s01",4,"",0,0,1,0,-1,-1,0,""
30175,"","","","ef_b_gro_s01",4,"",0,0,1,0,-1,-1,0,""
30176,"","","","ef_b_gro_s01",4,"",0,0,1,0,-1,-1,0,""
30177,"","","","ef_f_hit_170_rock",2,"CP01",4,0.8,1,0,-1,-1,0,""
30178,"","","","ef_f_hit_171_rock",2,"CP01",4,0.8,1,0,-1,-1,0,""
30179,"","","","ef_f_hit_172_rock",2,"CP01",4,0.8,1,0,-1,-1,0,""
30181,"","","","ef_b_gro_a02",4,"",4,0,1,0,-1,-1,0,""
30182,"","","","ef_b_gro_a01",4,"",4,0,1,0,-1,-1,0,""
30183,"","","","ef_b_gro_a01",4,"",4,0,1,0,-1,-1,0,""
30191,"","","","ef_b_gwi_s02",4,"",4,0,1,0,-1,-1,0,""
30192,"","","","ef_b_gwi_s02",3,"18",2,1,1,0,-1,-1,0,""
30193,"","","","ef_b_gwi_s02",3,"18",2,1,1,0,-1,-1,0,""
30201,"","","","ef_b_gwi_s01",4,"",4,0,1,0,-1,-1,0,""
30202,"","","","ef_b_gwi_s01",7,"",0,0,1,0,-1,-1,0,""
30203,"","","","ef_b_gwi_s01",7,"",0,0,1,0,-1,-1,0,""
30204,"","","","ef_b_gwi_s01",4,"",0,0,1,0,-1,-1,0,""
30205,"","","","ef_b_gwi_s01",4,"",0,0,1,0,-1,-1,0,""
30206,"","","","ef_b_gwi_s01",4,"",0,0,1,0,-1,-1,0,""
30207,"","","","ef_f_hit_130_wind",2,"CP01",4,0.8,1,0,-1,-1,0,""
30208,"","","","ef_f_hit_131_wind",2,"CP01",4,0.8,1,0,-1,-1,0,""
30209,"","","","ef_f_hit_132_wind",2,"CP01",4,0.8,1,0,-1,-1,0,""
30211,"","","","ef_b_gwi_a02",4,"",4,0,1,0,-1,-1,0,""
30212,"","","","ef_b_gwi_a01",4,"",4,0,1,0,-1,-1,0,""
30213,"","","","ef_b_gwi_a01",4,"",4,0,1,0,-1,-1,0,""
30221,"","","","ef_b_gst_s02",4,"",4,0,1,0,-1,-1,0,""
30222,"","","","ef_b_gst_s02",3,"18",2,1,1,0,-1,-1,0,""
30223,"","","","ef_b_gst_s02",3,"18",2,1,1,0,-1,-1,0,""
30231,"","","","ef_b_gst_s01",4,"",4,0,1,0,-1,-1,0,""
30232,"","","","ef_b_gst_s01",7,"",0,0,1,0,-1,-1,0,""
30233,"","","","ef_b_gst_s01",7,"",0,0,1,0,-1,-1,0,""
30234,"","","","ef_b_gst_s01",4,"",0,0,1,0,-1,-1,0,""
30235,"","","","ef_b_gst_s01",4,"",0,0,1,0,-1,-1,0,""
30236,"","","","ef_b_gst_s01",4,"",0,0,1,0,-1,-1,0,""
30237,"","","","ef_f_hit_150_steel",2,"CP01",4,0.8,1,0,-1,-1,0,""
30238,"","","","ef_f_hit_151_steel",2,"CP01",4,0.8,1,0,-1,-1,0,""
30239,"","","","ef_f_hit_152_steel",2,"CP01",4,0.8,1,0,-1,-1,0,""
30241,"","","","ef_b_gst_a02",4,"",4,0,1,0,-1,-1,0,""
30242,"","","","ef_b_gst_a01",4,"",4,0,1,0,-1,-1,0,""
30243,"","","","ef_b_gst_a01",4,"",4,0,1,0,-1,-1,0,""
30251,"","","","ef_b_gli_s02",4,"",4,0,1,0,-1,-1,0,""
30252,"","","","ef_b_gli_s02",3,"18",2,1,1,0,-1,-1,0,""
30253,"","","","ef_b_gli_s02",3,"18",2,1,1,0,-1,-1,0,""
30261,"","","","ef_b_gli_s01",4,"",4,0,1,0,-1,-1,0,""
30262,"","","","ef_b_gli_s01",7,"",0,0,1,0,-1,-1,0,""
30263,"","","","ef_b_gli_s01",7,"",0,0,1,0,-1,-1,0,""
30264,"","","","ef_b_gli_s01",4,"",0,0,1,0,-1,-1,0,""
30265,"","","","ef_b_gli_s01",4,"",0,0,1,0,-1,-1,0,""
30266,"","","","ef_b_gli_s01",4,"",0,0,1,0,-1,-1,0,""
30267,"","","","ef_f_hit_180_light",2,"CP01",4,0.8,1,0,-1,-1,0,""
30268,"","","","ef_f_hit_181_light",2,"CP01",4,0.8,1,0,-1,-1,0,""
30269,"","","","ef_f_hit_182_light",2,"CP01",4,0.8,1,0,-1,-1,0,""
30271,"","","","ef_b_gli_a02",4,"",4,0,1,0,-1,-1,0,""
30272,"","","","ef_b_gli_a01",4,"",4,0,1,0,-1,-1,0,""
30273,"","","","ef_b_gli_a01",4,"",4,0,1,0,-1,-1,0,""
30281,"","","","ef_b_gda_s02",4,"",4,0,1,0,-1,-1,0,""
30282,"","","","ef_b_gda_s02",3,"18",2,1,1,0,-1,-1,0,""
30283,"","","","ef_b_gda_s02",3,"18",2,1,1,0,-1,-1,0,""
30291,"","","","ef_b_gda_s01",4,"",4,0,1,0,-1,-1,0,""
30292,"","","","ef_b_gda_s01",7,"",0,0,1,0,-1,-1,0,""
30293,"","","","ef_b_gda_s01",7,"",0,0,1,0,-1,-1,0,""
30294,"","","","ef_b_gda_s01",4,"",0,0,1,0,-1,-1,0,""
30295,"","","","ef_b_gda_s01",4,"",0,0,1,0,-1,-1,0,""
30296,"","","","ef_b_gda_s01",4,"",0,0,1,0,-1,-1,0,""
30297,"","","","ef_f_hit_190_dark",2,"CP01",4,0.8,1,0,-1,-1,0,""
30298,"","","","ef_f_hit_191_dark",2,"CP01",4,0.8,1,0,-1,-1,0,""
30299,"","","","ef_f_hit_192_dark",2,"CP01",4,0.8,1,0,-1,-1,0,""
30301,"","","","ef_b_gda_a02",4,"",4,0,1,0,-1,-1,0,""
30302,"","","","ef_b_gda_a01",4,"",4,0,1,0,-1,-1,0,""
30303,"","","","ef_b_gda_a01",4,"",4,0,1,0,-1,-1,0,""
30311,"","","","ef_b_gne_s02",4,"",4,0,1,0,-1,-1,0,""
30312,"","","","ef_b_gne_s02",3,"18",2,1,1,0,-1,-1,0,""
30313,"","","","ef_b_gne_s02",3,"18",2,1,1,0,-1,-1,0,""
30321,"","","","ef_b_gne_s01",4,"",4,0,1,0,-1,-1,0,""
30322,"","","","ef_b_gne_s01",7,"",0,0,1,0,-1,-1,0,""
30323,"","","","ef_b_gne_s01",7,"",0,0,1,0,-1,-1,0,""
30324,"","","","ef_b_gne_s01",4,"",0,0,1,0,-1,-1,0,""
30325,"","","","ef_b_gne_s01",4,"",0,0,1,0,-1,-1,0,""
30326,"","","","ef_b_gne_s01",4,"",0,0,1,0,-1,-1,0,""
30327,"","","","ef_f_hit_200_nele",2,"CP01",4,0.8,1,0,-1,-1,0,""
30328,"","","","ef_f_hit_201_nele",2,"CP01",4,0.8,1,0,-1,-1,0,""
30329,"","","","ef_f_hit_202_nele",2,"CP01",4,0.8,1,0,-1,-1,0,""
30331,"","","","ef_b_gne_a02",4,"",4,0,1,0,-1,-1,0,""
30332,"","","","ef_b_gne_a01",4,"",4,0,1,0,-1,-1,0,""
30333,"","","","ef_b_gne_a01",4,"",4,0,1,0,-1,-1,0,""
30901,"","","","ef_b_hit_001_normal",2,"CP01",5,0.8,2,6,-1,-1,0,""
30902,"","","","ef_b_hit_100_fire",2,"CP01",5,0.8,2,6,-1,-1,0,""
30903,"","","","ef_b_hit_120_ice",2,"CP01",5,0.8,2,6,-1,-1,0,""
30904,"","","","ef_b_hit_160_leaf",2,"CP01",5,0.8,2,6,-1,-1,0,""
30905,"","","","ef_b_hit_110_water",2,"CP01",5,0.8,2,6,-1,-1,0,""
30906,"","","","ef_b_hit_140_thunder",2,"CP01",5,0.8,2,6,-1,-1,0,""
30907,"","","","ef_b_hit_150_steel",2,"CP01",5,0.8,2,6,-1,-1,0,""
30908,"","","","ef_b_hit_130_wind",2,"CP01",5,0.8,2,6,-1,-1,0,""
30909,"","","","ef_b_hit_170_rock",2,"CP01",5,0.8,2,6,-1,-1,0,""
30910,"","","","ef_b_hit_180_light",2,"CP01",5,0.8,2,6,-1,-1,0,""
30911,"","","","ef_b_hit_190_dark",2,"CP01",5,0.8,2,6,-1,-1,0,""
31011,"","","","ef_b_hea_100",2,"CP01",2,0,1,0,-1,-1,0,""
31012,"","","","ef_b_hea_100",2,"CP01",2,0,1,0,-1,-1,0,""
31013,"","","","ef_b_hea_110",2,"CP01",2,0,1,0,-1,-1,0,""
31014,"","","","ef_b_hea_110",2,"CP01",2,0,1,0,-1,-1,0,""
31021,"","","","ef_b_hea_100",2,"CP01",2,0,1,0,-1,-1,0,""
31022,"","","","ef_b_hea_100",2,"CP01",2,0,1,0,-1,-1,0,""
31023,"","","","ef_b_hea_110",2,"CP01",2,0,1,0,-1,-1,0,""
31024,"","","","ef_b_hea_110",2,"CP01",2,0,1,0,-1,-1,0,""
31031,"","","","ef_b_hea_120",1,"",2,0,1,0,-1,-1,0,""
31032,"","","","ef_b_hea_120",1,"",2,0,1,0,-1,-1,0,""
31041,"","","","ef_b_hea_130",2,"CP01",2,0,1,0,-1,-1,0,""
31042,"","","","ef_b_hea_130",2,"CP01",2,0,1,0,-1,-1,0,""
31051,"","","","ef_b_hea_130",2,"CP01",2,0,1,0,-1,-1,0,""
31061,"","","","ef_b_hea_130",2,"CP01",2,0,1,0,-1,-1,0,""
32011,"","","","ef_b_buf_100",1,"",2,0,1,0,-1,-1,0,""
32021,"","","","ef_b_buf_100",1,"",2,0,1,0,-1,-1,0,""
32031,"","","","ef_b_buf_100",1,"",2,0,1,0,-1,-1,0,""
32041,"","","","ef_b_buf_100",1,"",2,0,1,0,-1,-1,0,""
32051,"","","","ef_b_buf_100",1,"",2,0,1,0,-1,-1,0,""
32061,"","","","ef_b_buf_100",1,"",2,0,1,0,-1,-1,0,""
32071,"","","","ef_b_buf_100",1,"",2,0,1,0,-1,-1,0,""
32081,"","","","ef_b_buf_100",1,"",2,0,1,0,-1,-1,0,""
32091,"","","","ef_b_buf_100",1,"",2,0,1,0,-1,-1,0,""
32101,"","","","ef_b_buf_100",1,"",2,0,1,0,-1,-1,0,""
32111,"","","","ef_b_buf_100",1,"",2,0,1,0,-1,-1,0,""
32121,"","","","ef_b_buf_100",1,"",2,0,1,0,-1,-1,0,""
32131,"","","","ef_b_buf_101",1,"",2,0,1,0,-1,-1,0,""
32141,"","","","ef_b_buf_101",1,"",2,0,1,0,-1,-1,0,""
32151,"","","","ef_b_buf_101",1,"",2,0,1,0,-1,-1,0,""
32161,"","","","ef_b_buf_101",1,"",2,0,1,0,-1,-1,0,""
32171,"","","","ef_b_buf_101",1,"",2,0,1,0,-1,-1,0,""
32181,"","","","ef_b_buf_101",1,"",2,0,1,0,-1,-1,0,""
32191,"","","","ef_b_buf_101",1,"",2,0,1,0,-1,-1,0,""
32201,"","","","ef_b_buf_101",1,"",2,0,1,0,-1,-1,0,""
32211,"","","","ef_b_buf_101",1,"",2,0,1,0,-1,-1,0,""
32221,"","","","ef_b_buf_101",1,"",2,0,1,0,-1,-1,0,""
32231,"","","","ef_b_buf_101",1,"",2,0,1,0,-1,-1,0,""
32241,"","","","ef_b_buf_101",1,"",2,0,1,0,-1,-1,0,""
33011,"","","","ef_b_sta_100",2,"CP01",2,0,1,0,-1,-1,0,""
33021,"","","","ef_b_buf_101",1,"",2,0,1,0,-1,-1,0,""
33031,"","","","ef_b_sta_120",2,"CP01",2,0,1,0,-1,-1,0,""
33041,"","","","ef_b_sta_130",2,"CP01",2,0,1,0,-1,-1,0,""
33051,"","","","ef_b_sta_140",2,"CP01",2,0,1,0,-1,-1,0,""
33061,"","","","ef_b_sta_150",2,"CP01",2,0,1,0,-1,-1,0,""
33071,"","","","ef_b_sta_160",2,"CP01",2,0,1,0,-1,-1,0,""
33081,"","","","ef_b_sta_170",2,"CP01",2,0,1,0,-1,-1,0,""
33091,"","","","ef_b_sta_180",2,"CP01",2,0,1,0,-1,-1,0,""
34011,"","","","ef_b_sta_220",2,"CP01",2,0,1,0,-1,-1,0,""
34021,"","","","ef_b_buf_100",1,"",2,0,1,0,-1,-1,0,""
34031,"","","","ef_b_buf_100",1,"",2,0,1,0,-1,-1,0,""
34041,"","","","ef_b_hea_130",2,"CP01",2,0,1,0,-1,-1,0,""
34051,"","","","ef_b_bar_100",3,"18",2,1.2,1,0,-1,-1,0,""
34061,"","","","ef_b_bar_100",3,"18",2,1.2,1,0,-1,-1,0,""
34071,"","","","ef_b_bar_110",3,"18",2,1.2,1,0,-1,-1,0,""
34081,"","","","ef_b_bar_110",3,"18",2,1.2,1,0,-1,-1,0,""
34091,"","","","ef_b_bar_110",3,"18",2,1.2,1,0,-1,-1,0,""
39001,"","","","ef_b_buf_102",2,"CP01",2,0,1,0,-1,-1,0,""
39002,"","","","ef_b_buf_103",2,"CP01",2,0,1,0,-1,-1,0,""
48040,"","","","ef_b_bos_395",2,"",3,0,1,0,-1,-1,0,""
48041,"","","","ef_348041",2,"",3,0,1,0,-1,-1,0,""
48043,"","","","ef_b_bos_390",2,"CP01",5,0,1,0,-1,-1,0,""
48044,"","","","ef_348044",2,"",3,0,1,0,-1,-1,0,""
48131,"","","","ef_348131",2,"",3,0,1,0,-1,-1,0,""
48132,"","","","ef_b_bos_379",1,"",3,0,1,0,-1,-1,0,""
48133,"","","","ef_b_bos_380",1,"",3,0,1,0,-1,-1,0,""
48134,"","","","ef_b_bos_381",4,"",2,0,1,0,-1,-1,0,""
48141,"","","","ef_348141",2,"",3,0,1,0,-1,-1,0,""
50001,"","","","ef_b_bos_109",2,"",3,0,1,0,-1,-1,0,""
50002,"","","","ef_b_bos_108",2,"",3,0,1,0,-1,-1,0,""
50003,"","","","ef_b_bos_103",2,"",3,0,1,0,-1,-1,0,""
50004,"","","","ef_350004",2,"",3,0,1,0,-1,-1,0,""
50005,"","","","ef_350005",2,"",3,0,1,0,-1,-1,0,""
50006,"","","","ef_350006",2,"",3,0,1,0,-1,-1,0,""
50051,"","","","ef_b_bos_107",2,"",3,0,1,0,-1,-1,0,""
50052,"","","","ef_350052",2,"",3,0,1,0,-1,-1,0,""
60001,"","","","ef_b_buf_110",1,"",1,0,1,0,-1,-1,0,""
60002,"","","","ef_b_bos_146",1,"",2,0,1,0,-1,-1,0,""
60003,"","","","ef_b_bos_145",1,"",2,0,1,0,-1,-1,0,""
70001,"","","","ef_b_sta_250",1,"",2,0,1,0,-1,-1,0,""
70002,"","","","ef_b_sta_251",1,"",2,0,1,0,-1,-1,0,""
70003,"","","","ef_b_sta_252",1,"",2,0,1,0,-1,-1,0,""
70004,"","","","ef_b_bos_120",1,"",3,0,1,0,-1,-1,0,""
70005,"","","","ef_b_bos_121",1,"",3,0,1,0,-1,-1,0,""
70006,"","","","ef_b_bos_122",1,"",3,0,1,0,-1,-1,0,""
70007,"","","","ef_b_bos_140",1,"",3,0,1,0,-1,-1,0,""
70008,"","","","ef_b_bos_141",1,"",3,0,1,0,-1,-1,0,""
70009,"","","","ef_b_bos_142",1,"",3,0,1,0,-1,-1,0,""
70010,"","","","ef_b_bos_112",1,"",3,0,1,0,-1,-1,0,""
70011,"","","","ef_b_bos_113",1,"",3,0,1,0,-1,-1,0,""
70012,"","","","ef_b_bos_114",1,"",3,0,1,0,-1,-1,0,""
70013,"","","","ef_b_bos_130",1,"",3,0,1,0,-1,-1,0,""
70014,"","","","ef_b_bos_131",1,"",3,0,1,0,-1,-1,0,""
70015,"","","","ef_b_bos_132",1,"",3,0,1,0,-1,-1,0,""
70016,"","","","ef_b_bos_320",1,"",3,0,1,0,-1,-1,0,""
70017,"","","","ef_b_bos_325",1,"",3,0,1,0,-1,-1,0,""
70018,"","","","ef_b_bos_330",1,"",3,0,1,0,-1,-1,0,""
70019,"","","","ef_b_bos_335",1,"",3,0,1,0,-1,-1,0,""
70020,"","","","ef_b_bos_340",1,"",3,0,1,0,-1,-1,0,""
70021,"","","","ef_b_bos_345",1,"",3,0,1,0,-1,-1,0,""
70022,"","","","ef_b_bos_350",1,"",1,0,1,0,-1,-1,0,""
70023,"","","","ef_b_bos_355",1,"",1,0,1,0,-1,-1,0,""
70024,"","","","ef_b_bos_360",1,"",1,0,1,0,-1,-1,0,""
70025,"","","","ef_b_bar_150",1,"",3,0,1,0,-1,-1,0,""
70026,"","","","ef_b_bos_310",1,"",2,0,1,0,-1,-1,0,""
70027,"","","","ef_b_bar_160",1,"",3,0,1,0,-1,-1,0,""
70028,"","","","ef_b_bar_161",1,"",3,0,1,0,-1,-1,0,""
70029,"","","","ef_b_bar_162",1,"",3,0,1,0,-1,-1,0,""
70030,"","","","ef_b_bar_163",1,"",3,0,1,0,-1,-1,0,""
70031,"","","","ef_b_bar_164",1,"",3,0,1,0,-1,-1,0,""
70032,"","","","ef_b_bar_165",1,"",3,0,1,0,-1,-1,0,""
70033,"","","","ef_b_bar_166",1,"",3,0,1,0,-1,-1,0,""
70034,"","","","ef_b_bar_167",1,"",3,0,1,0,-1,-1,0,""
70035,"","","","ef_b_bar_168",1,"",3,0,1,0,-1,-1,0,""
70036,"","","","ef_b_bar_169",1,"",3,0,1,0,-1,-1,0,""
70037,"","","","ef_b_bar_170",1,"",3,0,1,0,-1,-1,0,""
